5163
418
2303
6337
647
2931
2163
3458
6469
3285
982
1909
6459
1307
6063
5102
7574
2580
2163
5733
3788
4755
6371
6695
4384
3129
4866
2026
5591
1270
4119
456
748
2412
3817
6268
5956
1153
709
1112
2196
6794
356
2588
6101
1798
466
1952
5401
3554
3433
2823
2050
1460
74
1310
902
747
1442
341
2865
1497
193
1584
1970
288
5644
4734
3626
6337
3748
7157
1591
4261
582
2597
3794
735
4857
5160
4886
3708
939
5585
6645
4501
6878
322
4640
5160
3375
6634
2554
5658
3382
2067
1411
1866
4976
3424
1286
4735
656
6969
4009
215
6614
961
764
1473
1920
5762
5827
3354
2982
1948
1515
3223
1397
327
1297
3460
846
1350
4204
2496
5467
3050
746
5317
889
2639
3728
4365
4813
2382
1546
653
1500
5403
3632
1773
3771
4749
2986
2100
6777
3768
701
341
3151
2341
6451
3708
2429
1651
5641
3950
6298
559
393
5844
2427
698
4873
4844
3335
7071
5118
1494
348
1229
5788
3492
3841
258
4851
4502
2048
3890
5489
711
1125
6778
2821
950
5852
5233
4006
1719
5640
3428
3524
480
1800
999
2339
1882
1284
4773
5159
1727
376
571
2860
5960
5473
3900
3158
3472
2229
1829
3857
4048
390
5115
3420
386
5540
7094
4179
4765
2520
3052
2418
1139
1050
4512
6172
4265
1316
6970
2073
879
405
750
2008
5846
3214
2357
4966
1606
2068
6591
1676
3607
4169
207
2816
3920
3653
1055
149
4966
4264
4581
4745
4048
3052
1865
6341
3500
5380
3068
3445
4907
833
2796
5679
2748
5776
5464
5112
2908
3341
2731
5716
4703
2442
5402
695
1545
814
822
1687
6210
6636
1440
312
2529
4313
2844
1009
5595
4269
3920
939
2210
3434
5921
7040
2636
2328
429
7028
3947
6077
4129
261
1804
4987
3155
233
3787
837
788
4215
3492
1830
1938
2490
2139
2431
2081
4344
606
1507
2295
3692
3028
5589
4845
1629
359
5976
4542
3143
6214
4741
747
3146
3803
944
933
5274
2175
2191
287
1997
5008
5323
1381
484
6797
2035
6812
1866
2146
2668
2088
5535
5991
5415
6789
784
3102
2987
4584
5114
6322
2015
2285
6192
6395
3250
531
717
315
3760
3149
7095
2881
2904
1009
6276
5806
1795
2533
6458
3779
1562
389
2533
5417
763
5129
4130
4091
5654
2378
2253
2004
2039
1781
5180
3165
1399
589
2940
6462
5096
1305
4823
5232
2591
4844
4578
3840
1576
3839
3343
4410
2939
3444
5094
2213
6283
917
4714
6445
3179
4323
5980
1618
2296
3587
3832
1755
6962
3314
2434
6923
1073
3914
5413
3387
2443
1620
3125
2403
3253
3755
628
3332
5775
6454
4196
4604
2864
2972
5106
231
3300
6480
5156
2976
2528
2416
2731
6672
1917
671
4978
4836
4406
3647
2096
2850
4231
4757
2384
1955
4932
2710
3960
4220
1613
3055
5856
1453
1569
2129
269
3954
3529
2972
2861
1766
3712
6043
173
3722
3734
6494
1970
6430
2625
6440
3708
427
5641
6651
5787
3095
2600
5149
265
705
1553
532
4058
1466
4477
2246
1817
5081
1455
4778
5857
1135
4660
1592
6852
882
5750
3791
615
3338
3663
6014
326
403
7012
5800
3357
5135
2978
6418
3802
5962
893
1557
5052
5363
367
2096
2018
4154
4855
2058
7126
4439
3413
4940
710
4912
1194
1838
2815
2250
4270
962
1158
5440
4929
5225
2489
5091
1575
1944
1395
1821
4614
4772
4766
1521
5600
750
2633
1270
3264
4175
3436
972
743
2353
5246
4729
4854
508
3165
1099
1903
6323
6119
1428
2962
1976
5674
1667
4627
3162
331
6989
2617
527
2934
835
1435
1935
3146
4460
6988
3181
3101
4358
2924
180
3186
1885
1528
704
3220
2049
423
3674
4958
2674
1181
7041
620
3625
3692
2194
5123
6157
4018
1853
605
1949
2978
1974
1812
993
1328
3640
6178
6816
529
1565
5668
2438
6999
1849
4558
6421
5124
5963
5363
3039
5695
2495
4085
3276
3818
2518
7020
2701
6294
4617
928
3062
2107
2424
1401
6780
5890
345
5044
1408
6275
790
5096
1288
3893
6497
3634
3435
5355
4130
5140
6713
7119
2721
1116
5278
5849
3021
5869
1551
5174
1885
3946
4164
3228
1186
594
6614
7064
874
673
1890
2341
2781
6706
233
5851
5410
4656
1244
6643
4259
1645
2368
409
4851
2741
6625
5331
426
2742
997
6068
2593
5091
3550
2692
3922
1137
4056
5623
2173
4573
462
4216
2909
527
2523
2072
4771
3846
261
1818
5615
2539
2216
5568
3064
5201
3172
1495
721
3295
1306
5625
1478
4859
5260
5204
1195
1159
4914
772
1547
6685
4438
875
2386
6531
5987
5240
6973
6307
277
2835
4429
154
3641
4209
3380
3114
4446
1424
2640
2399
4500
3109
5658
2480
4069
864
4663
3591
928
2661
5299
1620
1711
1131
4730
2810
2869
2458
2948
3918
2517
1660
143
897
5490
6258
4914
6428
1874
940
273
3992
5172
6681
6650
7045
3552
5173
5400
549
2991
3911
2172
5147
5265
1936
6795
4665
3518
5011
2568
4021
2975
2928
721
110
3836
2626
5130
1641
1556
4604
4863
1257
6360
3191
6061
760
1859
3180
4872
1753
1849
1093
1488
2610
2019
3102
917
6192
1795
5471
5905
1798
2245
4722
674
517
537
2114
5446
3591
4044
2430
2688
1829
4405
2037
5972
3006
4142
3729
1242
6310
5180
6318
328
3007
3721
3164
4619
3313
2194
6271
2926
1263
4523
1732
2260
230
6623
2161
4140
614
420
605
3502
315
3472
420
6330
1999
232
5390
3804
1944
4527
749
4866
2664
3525
1906
4020
3427
3782
1455
4838
4580
2139
1747
6429
6423
2659
2799
2187
1209
3011
920
1574
1193
1573
718
2629
5400
1920
5197
6108
2723
6144
2182
5810
1275
4630
4424
5810
713
2165
2345
5447
5798
1170
3361
5931
1665
445
1380
6970
540
199
3286
1920
4919
65
3746
4230
1359
2901
665
450
3355
3774
6099
3560
2861
1184
4177
2301
3342
2147
2790
240
1177
5754
1953
5920
240
4826
6654
5514
4357
3769
2205
512
2724
6473
3408
5646
1540
2916
6380
6249
3038
947
3564
283
4604
5516
958
1880
7130
5052
2250
3096
2136
765
5407
4460
3625
6059
3683
3925
617
6793
835
2722
1142
5660
5789
3679
4606
2617
2195
1724
1815
1827
681
1214
3011
3886
4364
544
845
2669
6789
990
2647
5187
1278
1396
1333
5660
2106
540
1560
3627
3353
377
3450
899
1335
682
6376
3808
2409
4275
5261
5288
3008
4984
5556
1936
4078
797
4084
2192
1548
1395
827
5366
3119
3037
3628
5509
553
4929
830
2054
4324
972
1611
4762
5168
3428
797
6938
4967
6864
3209
2161
2717
4910
4155
3408
2329
6667
402
3697
4079
6288
4268
2106
5421
2512
1235
5946
879
184
6816
3699
2803
4396
7023
3397
3018
3619
2818
3408
1686
740
3998
1843
212
452
5722
6457
2002
1548
2169
3694
2719
5236
1854
1534
2773
2654
6773
1104
7041
1685
1294
2652
3475
5007
1924
3130
4356
210
3598
349
2147
1325
947
510
757
2278
1490
3940
3211
4516
3122
2056
2210
1602
1093
6893
2702
5121
4028
2505
5452
826
1563
3683
435
5036
5775
5209
3806
4389
2391
867
1686
2563
3531
2036
4485
5300
959
597
3695
4251
403
2601
923
1106
5929
4552
2377
3784
5892
5375
572
3627
3988
1942
4385
4623
6997
6981
397
1836
5370
156
1704
1982
4875
1230
628
1449
5708
4654
4032
2184
5650
729
5081
2338
945
6898
2925
1177
747
149
364
4266
1112
2339
2646
3133
735
3537
613
5654
6356
1268
1196
1411
3362
7090
4436
3536
1621
5316
5269
5212
2541
4857
4638
3263
5373
6994
2001
2523
2415
4104
784
1511
3330
4538
6748
3840
4865
2430
5183
683
1002
273
6598
5611
6032
5025
1327
3193
6509
6716
1404
4374
2286
5628
3315
4537
1610
1893
2774
4795
239
2451
9134
4495
4387
477
6540
2803
3185
1243
3170
1620
5516
6894
792
5069
4167
1725
3800
4741
3366
1904
4462
462
377
5068
465
1328
2807
2391
4500
2850
4101
6792
6084
2842
5896
6096
5562
4126
1863
185
642
644
3834
4890
5822
3666
6892
5535
688
1110
2031
1515
3582
4165
2992
373
940
4689
3887
6139
899
3603
4280
1827
3155
2263
4344
6814
4871
385
2451
3402
2114
2659
1671
4661
3095
674
5039
448
608
2686
311
3416
2330
2397
5339
1036
3211
4935
7114
1381
1125
4051
2332
880
1617
2041
1500
5790
2884
3237
1902
3441
6537
681
2538
1068
1980
5271
5581
4078
1577
4350
1939
740
200
3104
6292
624
342
4983
5464
4877
4282
1740
1867
1559
7095
137
6799
5891
6943
2250
5211
6188
5259
6066
1248
3658
1576
4987
2594
3283
6170
3009
696
592
2655
3843
3600
1167
3052
3726
3114
134
1593
5500
2521
142
6803
4786
5814
3738
260
4593
583
4541
3384
7059
1920
1453
1926
2957
652
5209
3643
5550
6238
352
6912
1754
3627
1694
4620
1201
2912
3940
3715
4884
3152
2398
366
2377
6955
1446
1339
2363
4377
380
1338
1634
781
1519
2265
1098
330
2261
3814
1375
4378
3137
5577
5178
2801
4356
6176
418
1589
149
1912
6728
6491
1727
2558
4379
5884
2109
5390
4095
2762
2418
746
5339
1098
1746
3158
2956
5910
3015
1457
3730
5935
3870
4451
949
972
3937
1740
535
5779
4939
7066
4605
3163
2851
5910
2659
3873
5757
1330
6586
188
5223
193
1280
1810
3473
621
3331
2370
2121
1875
5530
2683
3909
2931
4775
2013
3101
6031
950
3653
890
4008
4537
2595
2309
1110
6085
1254
2880
619
1328
650
1946
286
2458
1162
4401
580
5744
636
4672
1702
1109
1139
6886
3207
749
124
4294
6194
1103
1401
811
3576
2840
6852
4973
1483
6229
5126
12016
2512
5715
3593
5066
4376
2473
3031
1737
7003
4128
6005
4726
2858
4815
7085
2452
2527
3740
3549
931
5325
1270
281
1257
3039
3344
4449
573
6569
3600
1984
1523
5512
2465
4264
3305
2021
7130
2047
2001
5509
1801
3022
2400
3330
2209
1747
2636
3510
4343
2117
5887
2796
709
2155
3795
139
4151
3618
6364
5604
5375
575
4773
3839
4422
2106
2852
1203
3130
933
4662
382
6412
2088
4304
4060
6897
5028
452
1395
4238
462
5465
5475
570
6567
4394
5459
6956
1264
1049
996
180
2610
3780
4477
7012
4946
4979
1888
4498
1968
5288
788
1280
1043
5402
2403
2619
5247
3775
3787
994
3184
3657
725
4085
2101
400
1800
3631
6023
4166
594
1108
4183
2811
714
1337
855
1304
2218
3395
20105
591
2679
1414
4792
6868
415
1804
3692
4899
2018
5458
4216
1312
6455
2591
1240
5319
1079
1625
2565
1696
5512
4314
3576
6149
6653
3127
2582
1971
373
3694
3332
4324
3543
5777
1549
1408
2775
5689
3951
3850
3966
4521
709
3483
4124
2278
707
3572
4781
3611
4780
2198
4823
355
846
876
6366
652
1871
4909
4968
301
6516
2529
1877
1230
600
4735
2354
5966
6052
4555
1638
1383
5175
3708
1473
1929
5757
4825
506
2464
5920
813
1229
365
4609
6112
992
1979
1621
6117
3457
1527
3727
5300
3554
1780
2958
1986
1448
566
875
131
5306
4371
1354
1691
4209
3941
1713
6620
2692
5922
4826
5459
2065
5062
1380
625
4765
5814
452
656
1778
2736
1509
1017
816
3802
5090
930
6185
4802
3665
6085
4505
6083
2401
3268
3798
4894
4322
366
6370
1104
4106
3740
3018
4821
2854
1014
5107
6491
4689
577
217
4347
2943
3215
3788
1727
4158
1535
1190
3744
3572
2190
4875
552
757
3799
3029
1905
4683
6897
2746
4095
492
3317
2430
6591
6645
4587
1153
675
2102
2778
2908
3213
5787
1132
5661
570
2720
564
4945
6387
5131
4258
822
1946
3006
4052
5553
2847
3150
3186
5756
4165
4500
5198
6489
3679
5951
1545
2932
3350
1922
2700
620
4041
6148
2038
5619
5269
1941
2997
4725
2187
4201
7500
779
632
4883
5731
3943
539
234
5581
6901
4187
4094
810
4382
1927
7150
5896
1766
1678
644
2254
6308
2856
6843
5536
820
3514
469
6252
4620
407
190
4572
591
2068
8819
3762
3729
3780
7146
2666
5517
1852
6672
2421
1350
4495
2198
3386
3076
2399
2585
2962
2433
765
32
4312
1743
1888
708
2096
6383
6074
2161
1342
4751
731
638
4394
1353
3989
2311
3976
2220
3889
6848
2898
1466
915
2410
2853
3172
3643
4865
6309
2697
1677
2756
2637
1096
5316
787
99
3498
135
176
5770
3465
2887
2453
4789
6733
2410
3423
731
1863
451
2154
3141
2685
2225
2501
2779
2384
4299
2222
765
3877
857
6715
1271
3070
1984
4297
4250
5717
7104
4014
628
6249
1996
3537
6167
2673
5798
5477
2760
2127
2191
219
593
4419
861
6831
4343
6674
656
3408
2415
6753
6374
4804
183
1619
1210
2114
2924
4760
331
3047
4996
898
2422
261
544
481
1770
2419
1314
2422
4448
1433
5423
3378
2957
3604
2039
6974
1236
524
3186
1276
5884
6296
1036
5290
5199
6163
226
5597
5971
3247
5078
3118
4553
777
5068
908
1656
6722
5020
3780
5383
5187
1079
4029
1100
2561
6448
4905
6805
5465
4095
5242
1810
1750
1811
4668
5127
1734
486
502
2308
4118
2910
2077
4556
1797
1221
2566
2192
1615
5096
1712
3801
1251
3456
925
766
6272
3225
1138
2015
1265
1259
3010
4634
4017
1982
3242
5065
2914
1903
5901
1125
1248
513
3399
3240
1572
4498
1650
2085
6840
874
5758
4135
4077
3339
5701
6944
280
4963
3816
2625
2006
3112
3138
1796
5020
4205
412
5788
5869
6720
178
3980
4471
126
299
6896
2437
1090
2985
554
2820
1952
3754
1080
5675
5869
4668
5782
3950
2052
5099
852
4203
5584
154
300
5198
1501
4969
4663
6401
1804
5557
2023
1072
5511
2822
2292
1882
165
1290
4166
4797
594
2639
1377
1178
3057
5730
1407
5435
4342
5652
5020
1532
3093
1056
2120
6090
984
4136
1182
3520
210
4414
1904
4708
1200
7006
5152
545
1783
2458
1663
1067
2110
754
6180
2997
3545
3979
381
2578
6408
312
2124
4768
6077
946
2451
843
2307
754
4566
6882
1560
605
4896
4576
1866
2166
4576
5520
1970
516
2715
1660
2946
618
2282
1105
3500
2015
4728
3257
327
6913
6821
532
2864
2785
5218
5902
2323
5286
6811
1951
4434
3388
5401
1907
975
5395
6515
1800
1187
7159
4041
256
5414
2836
3549
5309
2202
2459
3369
2385
4710
1140
5376
4190
1698
4184
5132
3963
3769
1748
1836
3798
1481
6325
210
385
4559
6318
1542
2598
2447
1126
4542
5848
1803
5879
4976
994
331
2781
905
4450
1834
1122
2679
3226
4705
3148
3297
6039
3710
3138
5300
1847
1456
2466
4680
1206
2440
948
1633
3917
6577
1474
3857
2206
433
5329
2885
1757
741
629
6702
4541
5213
6160
3066
4467
3300
3491
4534
3839
7017
5343
5274
3565
3871
4285
5135
4188
1799
3529
3540
1866
704
5564
1610
622
5799
7115
3878
1176
5372
4633
6747
433
1129
655
120
5576
5340
403
3394
4733
4204
5310
4570
1053
2786
5557
745
708
1871
3579
484
2272
4086
5423
1201
209
2897
3299
6758
5015
2781
5102
495
5248
6665
3849
6401
4001
1028
5319
5573
926
5844
3422
1373
1980
685
4958
5793
3601
924
3727
2778
590
3414
2469
5471
1679
2853
3893
3600
6810
6032
527
1792
4525
1940
2862
3068
3030
5483
887
1268
3049
1215
3859
5488
6021
4739
2862
1578
3000
2447
3686
720
1195
1919
3127
3994
3777
2800
1959
1102
1628
3468
2527
2660
3897
4485
6977
4662
1802
1792
37
1153
4002
2150
2217
1241
446
6163
3369
2901
4229
3417
5370
5874
5269
1650
3942
6283
6911
1791
3387
6793
6124
1451
5003
3734
1630
5045
4163
5119
691
899
3731
195
2385
4471
3121
3763
6413
2171
5121
3566
3506
5157
2640
3003
567
3890
4667
4839
893
5631
4742
5405
3680
3286
2144
5593
7069
3814
4703
1432
2874
699
3890
5744
5668
3830
2621
3781
5749
6235
694
4820
1791
2918
3874
6676
3857
6214
2045
6645
631
3557
5281
6660
1630
3540
3273
1974
2873
7044
5465
2107
4151
1876
3083
5678
1805
316
1577
5752
223
2914
2066
1676
6297
4204
458
1617
1110
7147
2846
3828
5488
5819
2148
3087
2485
1758
2961
1410
737
5663
3913
6971
195
3126
5181
3250
2759
161
5536
2311
230
1411
1832
2081
1966
4663
1153
4207
3044
2033
1768
547
2070
3342
1246
2339
1623
3094
6746
287
5709
4340
429
1366
4987
5542
5663
4242
5785
803
5479
2000
2847
928
3507
4365
3447
4656
6590
3345
4477
3787
4157
4226
1055
6135
3813
1807
2103
2752
5499
1962
6314
378
5199
928
672
1946
2789
635
3267
2262
5137
5143
1197
194
2707
3991
2273
5293
1115
2586
4043
4929
2530
6985
4958
2264
2469
1899
5941
997
6719
1576
715
4852
5505
777
2126
4402
4702
1302
1436
431
1671
910
829
4099
2818
583
3126
103
1347
6621
5606
227
577
5272
4726
2192
898
1246
6289
5808
2097
4482
5820
5932
3657
3721
3099
6944
6350
1780
2738
322
863
1187
4755
844
4257
2972
1448
1478
5330
5206
5582
4693
4531
1823
1644
2374
504
4024
382
4857
968
2258
4174
3317
3036
5616
2998
4540
3520
4959
451
430
783
1535
2489
2017
3030
4619
1031
5090
2019
823
2790
2869
5919
328
765
2616
4006
1690
1868
6108
3870
1153
6494
2100
2895
1295
4632
2252
2727
4718
3267
2266
3232
5113
4709
2101
4810
595
3126
765
1448
3560
6450
1909
6743
4825
7065
3436
1826
3862
4032
4491
450
4723
1593
4029
5287
4609
1888
3432
2231
321
3443
4868
4854
550
2349
2213
2658
879
528
6602
719
4755
5138
5309
6122
5158
1784
1503
251
3401
2348
540
5099
3362
3871
2030
5320
5375
3745
1789
1380
464
5020
3346
903
3006
195
2221
1115
4948
1025
5421
6960
230
1425
1484
4323
1536
4722
1560
594
5086
5705
3053
3962
2473
1828
1861
4162
7006
604
1234
4996
410
1904
917
2486
4483
5688
5057
355
6565
1529
6912
6909
1653
4324
3131
418
2479
4595
1902
1747
2228
1004
1665
1608
5109
2149
1559
4426
6765
4606
3237
6421
3374
2482
2165
5277
311
663
2451
1600
2301
6260
3539
3611
1146
3539
2471
2550
4320
7053
4074
902
1963
5533
1731
4581
2111
1996
593
2195
5200
3936
2758
5518
1015
6192
2237
3894
600
2875
1127
7095
5736
6513
4811
6310
3175
3301
2823
5077
4086
1145
3724
1965
176
3002
1345
3963
3270
3691
2536
2985
1511
2351
7089
512
899
4018
3987
5283
4262
2956
4112
3971
441
3855
369
4930
1478
6694
3592
3455
2486
5549
976
3337
745
391
3073
2199
6735
5015
1690
3519
2197
1634
6763
1661
4414
1992
4299
3303
1061
5273
2274
2554
2145
2780
5046
5388
2840
5280
5663
292
3481
975
4607
805
534
766
6382
4858
242
4726
6623
757
6513
3660
1068
4144
2508
382
4229
2178
5282
935
4595
4148
390
436
2467
6508
4348
4049
3150
4169
3566
4329
3746
4525
4419
4298
4512
3805
6919
2866
2344
3227
6910
4048
1300
2468
1327
643
5786
840
4005
3122
2033
4161
3412
1743
1661
4638
5802
6810
4701
4078
3280
4858
6074
1360
3827
6614
109
3330
1876
990
4771
5552
2784
2049
4373
1279
3023
2878
1297
4796
2102
1875
4545
5720
6426
2232
1975
5444
3992
4276
1794
2406
5753
2751
3840
388
1951
2266
1359
4618
2663
1818
1533
5290
534
3680
1315
3259
3893
4843
1137
518
4900
1755
3569
3768
3588
5575
4892
3720
904
2290
4560
2009
3135
3502
909
116
3580
1805
2850
3384
3238
1800
167
3976
3300
4728
5210
385
1689
515
5232
4724
871
996
6755
6428
783
1741
4662
572
2534
7156
6580
3956
2266
1454
4302
1564
3624
1642
4644
4499
1978
2790
2144
2420
6620
5196
423
2140
2216
1481
3831
2056
6171
184
1415
1585
4496
198
3137
1214
6111
861
1049
1041
4447
2398
3318
3841
3592
3521
3909
3379
4461
6049
3032
4283
4513
1792
4797
7018
6610
5374
3206
5228
1173
2987
2079
4357
571
1313
3689
3132
1119
2868
2096
119
4960
4119
3545
3573
3701
126
2815
5975
3303
2810
101
626
4035
6849
1094
4699
504
4617
3344
3351
1800
2161
3295
298
3958
5636
4660
2762
3483
1308
1464
493
4288
5780
3045
3853
4674
2859
6004
3670
1132
671
1900
267
2159
4038
5178
3692
1340
3813
3759
1680
1472
5379
5127
5623
6136
152
1185
2736
1892
1852
6599
3929
527
1726
770
383
4587
5670
6652
2681
1725
2039
226
1931
5076
6930
4935
432
5390
1461
6248
5746
4103
1936
6623
1589
5027
3252
3133
3338
1683
6085
1003
1699
3366
6145
384
3382
6396
1435
3430
3215
6934
5535
4032
3200
3252
2210
2884
3629
5161
2769
794
4954
2573
2707
4439
4165
5827
1693
3834
478
914
2760
1506
3252
2791
810
5576
5906
2158
4519
3521
6858
3385
5405
2640
4155
3697
3354
1123
3253
2943
6786
589
5054
2161
1638
4503
6698
1264
2355
6646
3803
2513
4717
5084
2403
4564
4586
4256
3841
1817
2871
6626
4321
4555
1079
3445
3450
1363
1823
3733
1403
2790
6933
2134
5059
3866
5673
2390
533
6760
5619
2282
5554
2139
3166
6254
2135
7067
3408
6362
5358
5018
5160
926
4046
3783
3705
1807
2425
673
2176
3871
5801
5820
3002
2915
5130
2345
2414
5528
690
2512
547
4648
869
4123
4083
929
3011
1602
4983
4219
6812
2626
5658
1876
5161
5743
6555
6375
2126
5599
5213
432
2916
3720
5535
2752
4184
6691
5073
5680
283
5554
195
976
1912
2020
5401
3593
293
6857
657
1084
2987
2029
2146
5733
396
3062
5752
5353
1196
5170
1346
713
7067
2489
5450
2350
2400
752
3243
406
3756
1869
6166
3398
4173
3048
2755
6480
5228
3157
2586
3196
3057
836
1880
4803
3821
5229
2969
726
1822
6383
4963
6910
3842
473
2675
4571
4689
5972
4862
375
6130
4168
3061
6619
2175
3081
4810
251
508
6582
6369
2110
3622
2804
2275
5994
4367
2436
4903
5861
2482
5738
6695
7044
5581
5761
853
1181
4347
5570
4614
451
6385
1665
3604
5544
2734
2812
5509
374
1854
596
2942
2220
3581
3429
1871
922
1562
7101
3534
2763
6192
2545
387
2366
4256
3400
2709
6364
1541
1783
1204
3904
3096
4094
1722
3544
3236
1329
55
1785
2641
4545
1148
946
3608
2430
2483
287
2162
1796
4385
4957
4784
3936
5043
2037
5312
759
5751
1454
3078
2003
2918
2247
1435
4220
1844
6446
2705
5411
1725
4727
6857
6846
2301
811
1296
5539
3896
2365
2724
3794
6726
3351
2686
2192
404
5868
4901
2429
3157
2927
3565
2060
912
388
7075
3666
2287
1827
3828
6053
3086
5228
5967
2053
1617
200
3405
3130
450
5143
887
5799
3400
7080
4641
6090
3770
6227
2147
3516
1813
3780
4102
196
893
1717
899
4462
854
2472
5712
664
1684
435
6788
5903
5275
3448
5160
4391
1871
3093
3847
225
6252
5369
3206
4009
5390
979
5303
769
3302
3139
3296
2909
638
2113
5153
5234
4606
879
2165
653
3270
3929
6147
4987
4272
2641
5930
5534
4540
5094
6162
5251
340
1506
1691
1440
684
1104
2333
3182
4818
3953
1761
426
3750
1484
725
1184
5089
3783
390
215
1991
6973
1068
3657
408
2381
5126
3824
330
2418
2850
6730
4069
2220
1957
3501
3802
4884
1998
4648
949
1759
5452
1680
645
2997
4610
3644
6009
703
816
4226
5249
3011
792
4905
527
4490
5370
2097
5152
2596
2523
4773
3031
4241
2323
3545
2071
2486
3557
5482
1733
3820
5738
2348
923
3399
7039
1562
420
4513
2715
780
666
4354
4288
4020
1431
1821
934
3070
2159
5355
3497
684
5811
5163
4841
3599
5172
7124
2043
7016
2376
6241
4800
6894
2299
751
5500
5455
3018
3373
5629
1620
3943
2649
3781
877
2628
3175
5637
6165
4831
2784
2828
2906
4619
3694
4338
6737
4313
2128
1958
587
3883
1093
1975
3955
3646
6285
676
890
3967
3347
3957
3340
2941
478
888
2490
5741
2225
2393
902
812
4493
4691
2905
5899
1402
4976
2046
5457
5056
4376
2558
505
1560
3959
1174
6242
5692
6162
3225
6913
1135
1044
939
5228
3457
781
306
2399
321
401
4774
1073
2730
6472
5059
3039
5836
1128
5481
2261
4332
4034
3194
990
3547
4028
6698
3887
1528
381
4875
1485
3700
1782
4594
4919
5538
2004
6994
3514
3635
2501
4687
5547
2294
2295
639
72
3520
5943
701
3634
2312
1830
2321
2785
1135
4709
1354
5100
84
2287
3726
4885
3381
2069
3640
2130
2110
1287
3437
1431
4242
6118
3661
1296
133
6809
3381
3600
1770
1831
5566
2504
1061
2724
1307
1370
348
3116
453
4532
2356
1994
4606
3724
2149
898
3079
6611
1831
2563
1156
5480
4044
3556
1706
4964
94
4176
930
1801
2803
3580
2042
645
1199
2790
5068
1035
4040
4643
5909
1903
1681
1315
5906
1036
4940
2736
2660
6635
4710
598
3795
4250
3253
5199
6543
1645
207
5405
6261
2077
1700
1716
2887
3246
1176
5607
5944
1427
2017
2361
2068
1436
4912
1661
2346
4601
3383
252
594
2234
1586
6373
4905
2585
807
878
1618
5974
2478
2249
2054
3460
2127
6495
5776
5718
3690
4554
1015
4581
3611
4872
3133
949
1429
6962
2882
5286
1149
4629
2350
3912
1298
1657
6998
7004
3700
5276
5642
1958
2610
7133
6120
2449
1988
5158
6446
3093
597
6037
1871
1368
5225
3284
2278
1778
7135
4945
5410
1664
960
6967
4838
4095
1349
1662
2046
458
3051
1586
998
804
2480
2705
6814
636
5008
5415
1725
3824
1125
4930
1244
5448
2602
5166
1732
6158
5907
5086
690
417
7059
1561
3327
907
2639
2807
219
2176
1009
2956
3103
1323
3381
2036
2165
4628
4501
7079
2636
3867
5592
2928
4411
1258
1756
1295
6345
2982
3592
4720
5077
7003
2064
776
1416
1519
3547
2798
1018
2281
5452
3382
2492
871
2138
1284
4697
2718
4607
6014
1721
1457
4297
3341
5519
1466
2531
1652
3981
1485
1489
5525
2138
3104
1220
2612
4952
3615
2177
3509
3679
5941
4419
6681
1565
623
2914
445
4566
6930
393
3665
6593
3924
5055
927
5105
2490
2969
4499
2209
2466
2437
1130
2442
326
1243
2790
2670
3710
6003
3132
1399
4442
3769
1653
5562
4551
6149
812
2875
2716
2284
5988
2136
5703
6355
5458
1354
4801
1775
3932
1767
4634
6363
6126
4896
5976
5681
5860
3789
2106
1908
6275
443
926
2183
314
3048
4081
3608
4471
5933
5198
1023
1789
5662
3606
6694
757
1573
4875
2930
4302
1187
3071
6060
3078
2045
1520
2084
2587
3029
2041
4353
3734
5191
3464
441
165
932
4558
4443
3981
6719
1411
4967
2742
2164
2864
1598
1110
3426
2856
1875
4532
5468
1509
718
544
797
4919
901
4442
907
2632
1292
2342
3013
1123
4277
3514
527
7135
6585
2803
3313
2310
4062
1031
1517
4158
2142
6691
1655
5918
5831
4217
3340
7131
4958
2801
1914
5064
2131
5312
5769
2738
2355
2977
4504
1291
2335
6578
5336
6515
580
3256
5723
2719
6206
719
1809
3946
2993
1200
2137
5840
2012
132
6793
4997
1544
3782
4931
4959
1959
6057
2866
577
5946
5811
5339
518
3065
6297
1866
1493
6950
2355
4168
1792
2344
387
1299
3545
2027
1959
472
4798
3333
3981
6201
4269
5355
2153
2335
191
1251
5265
2866
589
2745
488
1261
851
5725
5141
4542
5861
3542
4821
3640
3966
7072
4260
5763
5609
272
6028
4619
2150
4967
3983
4633
1860
1232
4395
5054
1305
422
841
1563
3835
6142
1134
1464
5920
2904
2867
1536
494
3075
5095
1116
1668
1640
213
2042
6250
5509
2899
283
1810
1561
3479
6829
5247
508
4456
348
1021
3617
4997
4372
332
2740
1314
6656
5718
2174
2523
5750
6789
4722
923
230
764
5815
1309
1195
6926
6768
5689
6003
1054
1643
4661
243
3718
5107
5434
4495
689
3453
1635
2882
4801
2084
1294
357
4974
927
4371
4348
2736
4339
3033
4596
1471
1899
1154
2407
5081
4221
6237
6517
5219
4479
1655
1877
536
4884
3877
1644
5133
5453
399
3931
2059
1124
3348
5394
3624
2505
5619
7006
1001
4083
4598
6810
1430
6172
1021
3028
2466
6792
4470
5772
461
6924
748
2807
1837
2276
663
207
4551
1824
1840
181
1490
3528
4843
987
6653
1488
1116
5934
1216
205
5115
3761
2135
4215
5774
540
625
2743
684
3762
3950
1927
858
2467
2853
1556
3541
4887
4331
480
5361
5296
3701
5425
7006
1211
3153
1629
1441
1804
5394
186
3712
1443
4258
2752
1691
4346
1674
4779
5013
2458
5249
2839
2237
5578
4613
4796
539
5341
1235
1031
2522
3116
5199
395
7047
5604
180
788
4744
1771
2042
4296
1000
1790
2693
692
3120
5354
5103
4212
2825
4166
199
4658
6044
2775
5195
2164
2565
6863
3531
239
2549
2307
1405
179
4576
3570
6626
5601
2790
6092
1089
2203
558
756
5232
5306
2217
2721
3001
3591
728
980
4012
3647
750
933
2201
5599
2588
6251
1485
4569
3406
5055
2910
2833
933
528
3001
3504
3723
975
5607
4620
6431
2013
1297
6489
4240
4698
2454
10638
3462
1928
5465
2949
1381
3174
3523
266
1639
5520
1979
1543
1664
719
3253
435
3991
4827
4378
3069
6389
5679
1657
3335
3580
192
1619
360
4370
4083
3995
1523
1795
1526
6248
5591
4250
6714
4866
2988
4320
4959
3552
2472
948
4863
6594
3715
1683
6028
2527
3411
577
4201
1173
2723
2731
480
562
4967
3025
5848
5094
3352
1906
4693
4640
2196
2433
623
1477
4454
1591
2336
1143
3834
3878
4345
5483
2698
2385
3157
5090
1474
1084
3974
539
4793
3797
3925
651
1119
4230
6034
2953
1031
3822
2005
1018
1047
1681
1408
4355
2252
6606
1517
2541
6565
2643
4518
2828
4508
1851
2565
6528
2389
1176
3234
3325
578
5417
3411
3033
1221
1894
1318
3386
2199
2689
1583
6128
4384
1858
4889
1306
4690
3377
3333
5360
2540
3452
2284
2364
5802
2978
404
2762
248
1344
5934
3783
1065
66
6735
4440
1847
3533
1700
274
694
317
3036
5949
3740
5120
1250
4652
1066
3183
4447
900
6780
5520
5258
1997
1645
3731
4501
217
1365
1110
2955
1837
5811
3713
629
637
546
4038
5480
4496
695
2052
4443
3772
1633
2143
4613
195
561
916
3939
1580
3645
3719
3586
5082
974
5846
1482
4238
6316
4374
3925
2371
2401
5026
2011
4314
5763
2059
1943
6945
7949
1723
3853
5719
4860
1203
2788
2796
4768
3194
5191
2921
4946
3172
1638
4345
5299
5309
6598
3291
2556
2922
2274
1602
4028
2308
6106
4834
469
5332
706
6047
2584
5238
3610
3258
3384
3407
622
3090
5326
5688
1489
1860
4834
3106
3636
3521
2804
2249
1546
7016
5288
5954
2206
2559
1185
3456
6483
4281
4437
6490
6676
809
6350
373
1462
6666
5691
5059
5585
269
5770
4333
1200
5295
3746
2835
4204
3066
5604
864
375
4332
5075
551
5093
1833
4845
3771
2641
5032
1823
1422
526
3233
3381
1678
3818
5340
1500
188
6588
3831
4768
1940
5863
3669
601
6535
6413
770
4120
1812
2589
5415
2085
2847
2001
3971
776
3068
726
4336
4369
6726
1910
1838
6934
1257
5847
2848
4064
3355
777
1865
5121
4304
1020
1437
6250
1452
1843
2513
3740
393
6103
2464
5062
2236
3866
4355
4817
4326
1979
1788
1233
1280
6988
892
930
3203
6297
1835
2572
5625
5499
5075
372
1070
5895
342
2878
4071
22626
3548
413
1381
1450
2540
6270
4302
2313
3971
6000
5133
1032
2397
4905
4542
1570
2670
5140
4041
5365
1211
1471
446
364
448
1746
6496
4740
1896
4500
1681
830
2570
3136
1320
4835
7025
4582
302
3229
721
3603
2706
7140
7015
415
1051
1825
5435
7096
1263
2136
1572
3231
1939
1614
5780
854
2280
2904
1835
2258
3216
5439
4278
5172
89
1337
6961
4831
857
5503
3827
4398
1087
422
1311
4566
6605
713
1713
3978
5343
1260
5601
5186
4989
3459
1789
2009
4811
2535
3831
3195
5124
769
3782
4881
1700
849
953
4302
2348
1120
5440
1426
4855
1976
4729
757
1026
3101
966
2667
657
908
6223
3157
3729
5940
2299
2442
4989
5616
5624
710
972
3263
4726
360
1815
2640
526
6578
1618
5476
1134
3682
2103
2313
1769
857
586
3270
2978
3681
5813
1453
5411
730
4724
5079
3638
5253
6394
3033
3986
2658
219
2828
6520
2799
559
2247
1202
3496
3934
6096
2106
6816
6122
2703
247
708
3612
698
3878
6412
1851
789
6494
244
4380
2837
2786
2097
2453
5884
3951
1589
1072
6079
1082
680
7080
1854
4125
843
1052
394
4828
3220
1500
1681
1053
5876
2833
4556
3560
1800
3716
1306
3712
4200
6043
1492
1554
1250
4364
2781
2457
2792
3807
4119
1062
6046
1799
3967
4988
1830
4490
4938
6037
6004
3257
3898
1938
1504
3115
5619
6577
6629
2662
3905
1104
5223
2827
3681
3187
5718
1014
5191
1138
2311
411
6098
2653
4191
4514
3664
3707
3136
1626
1323
1979
2136
5600
5606
1985
2396
1710
755
2370
3744
1560
5652
6649
3239
2356
3960
141
1836
4017
2647
4037
3831
663
2023
1080
1362
4835
1865
1476
1759
3668
1901
2073
154
1194
1680
4212
4878
971
3866
3438
4252
403
2628
3465
2564
1814
927
3475
4772
1031
4520
3816
1438
2103
2825
3488
2736
2638
5682
2286
3875
5370
6968
1247
582
809
5645
5986
2902
5334
3774
6664
5449
4275
1439
1482
6921
3686
226
2577
3215
4236
2285
3024
3907
5527
3789
1627
6084
5050
2911
3183
2823
4717
4635
1314
3038
1501
5757
7012
3365
328
2938
2384
2841
267
5214
3756
2612
6108
804
2135
3656
4884
5657
149
1764
274
261
1412
1082
2693
4695
3798
3526
3646
3146
4823
4991
4463
1822
2435
2811
6427
5827
1018
3604
693
5500
965
1353
4323
5333
1540
6713
1992
4686
6693
4573
4645
614
3576
6097
1699
762
1603
2927
1981
3001
4755
4254
376
946
782
5014
1357
2851
3210
5499
6493
3356
726
3585
533
3055
2567
5371
247
812
3287
7007
2072
4307
852
922
4463
5305
2445
576
1741
1816
5144
6158
3862
4122
6363
4740
6670
1856
5205
1398
1470
503
214
1062
2737
2905
3625
2078
5601
1188
1874
987
5443
3838
762
5129
5780
2057
218
5369
2321
6487
4635
4306
6198
5683
5429
523
2663
1513
600
4121
5081
943
2832
2590
5623
4178
1417
5279
2687
2741
1047
2085
5015
4931
3150
2214
135
2848
3843
7086
3662
3407
6567
1303
3755
1390
2213
3388
5430
5488
2876
5435
7150
6662
5839
1865
506
2797
6842
6409
4965
5978
5971
2315
5716
2325
1888
5250
4998
4900
2265
1440
1776
5344
5774
6127
4442
5700
6518
6626
2925
5150
5396
3001
1907
6388
4017
3735
4444
1045
7041
1800
6608
1667
2693
2519
6359
555
719
6252
2317
1535
3782
3684
1422
4753
7039
3048
4710
4908
5131
1503
2276
4451
4680
3883
450
4814
3731
1716
4049
1740
211
1103
6217
2660
1512
3230
5803
792
393
1740
5442
305
2034
3004
4177
3552
651
5828
1485
3370
4363
6713
6228
819
1831
4281
3387
7068
2547
1400
2907
1134
4417
4644
1122
4850
4245
2304
5991
1430
6177
869
5856
983
1693
2560
1025
2978
745
2935
1401
7012
2227
748
2828
7146
2709
1198
5979
5042
1540
5430
5170
3229
1106
5007
4981
3998
1489
2751
2780
3954
5721
3259
932
1799
4091
3209
3570
6966
5203
5624
4801
3244
223
2898
492
1978
2895
1273
2992
1244
191
2288
5690
6600
3343
2100
1395
508
4655
6684
987
1109
1210
1835
1245
6882
2587
5083
334
3563
5192
4319
1705
5482
460
5899
5255
971
1320
2973
3405
5095
4344
861
5597
2280
1196
2737
6320
1764
2182
4174
2722
334
6694
2205
3685
1180
152
3342
1679
3522
5148
665
739
1926
4062
2469
219
4559
1664
6391
2713
6543
4565
599
5053
2846
1094
813
1882
5165
3492
2094
3703
2436
3671
3145
3152
5155
4223
1951
3068
6008
2288
3067
3716
4304
3819
5082
5486
6619
1758
4322
861
5384
1923
3177
2526
3166
3148
5472
4601
5732
4845
7070
1955
3057
6887
5936
1518
3407
3189
2885
1445
6003
2628
2139
174
1648
3431
6198
6358
5722
5842
3018
3559
919
1866
3670
3589
2572
2104
445
4245
713
3311
561
1992
1799
3960
465
969
1488
2857
2236
567
3611
4561
2565
6461
3080
1084
6099
380
4282
4110
1352
1610
779
1274
3102
6193
1584
1872
4822
471
2498
3232
401
6707
1246
2418
250
6640
3035
6641
5717
4839
3237
2885
3334
1984
4640
1793
3630
1951
958
4609
6958
2014
4999
423
4834
3757
6168
6121
1242
2465
590
2940
5777
5731
326
636
6410
3138
5207
4826
4561
3746
4267
2024
288
3072
986
1791
5063
1715
903
5801
4720
496
2595
1611
5292
2625
4624
1971
2355
5705
1232
2506
3132
420
5480
2060
4858
6846
3452
368
1434
6459
5494
2875
2931
447
3720
756
4323
4462
5365
1599
3745
592
791
5607
1404
5717
180
1291
5942
484
3255
5063
1603
2396
6609
1236
2970
2298
1755
5342
6075
1767
6684
1937
1555
4136
5520
5707
2405
1815
627
861
2839
358
5403
5135
4130
4047
2267
438
2106
1800
4616
5697
447
2160
562
5418
5436
5572
2923
4624
6284
4941
755
666
2517
4076
1212
2083
4833
3490
6917
1513
3023
217
2130
2950
1412
101
3472
1142
2693
6770
1527
3829
5173
552
4804
2314
2198
684
1282
5119
6211
2885
586
5526
1743
6651
2711
1858
709
1638
3575
4751
239
3769
889
888
900
688
2985
3506
2778
5610
729
3695
5372
1679
6796
3934
2209
1800
5478
4980
2033
3427
4482
6749
5582
5138
6796
2388
1875
359
5759
3328
6684
1706
1361
3999
3095
3916
3844
443
1633
4584
3230
2990
6558
210
1574
1625
1992
5060
6836
3448
5982
4750
3440
1367
1774
4872
1284
3647
4704
1472
2661
5448
4756
2076
3152
1004
1844
2570
1388
6192
558
1218
3072
2375
2243
3780
678
3862
5025
4219
3172
4382
424
3638
5529
3686
2262
2033
4516
3583
4203
771
670
3794
4005
1666
3638
707
159
5191
4427
3013
4622
2506
1171
1382
1914
2974
4377
6393
2242
3852
5395
4078
1643
5369
1768
1535
3740
2550
1985
1689
2863
754
1983
6104
483
2413
6784
1847
6484
5512
5666
711
3719
3522
4198
5733
879
575
900
2209
2150
2471
5042
2300
5157
3717
5426
3662
1378
2774
4310
1984
1220
3616
3585
2962
2501
4613
1410
582
2482
2382
5839
6595
5323
3800
1768
914
884
5318
7154
2722
4672
4999
3865
2400
3978
5331
2018
1584
2954
2842
1467
745
1709
5024
3619
5202
2446
6499
3492
2832
4604
928
5049
2494
290
2309
5177
4647
5101
5892
2506
6023
1414
1270
4770
1874
3647
1909
4929
4812
847
977
240
3148
2935
4256
5507
3217
4573
991
3736
3758
4768
6776
4136
1511
5274
2536
5952
1480
2489
1431
4947
5478
5267
2462
1035
1245
4527
3782
2162
284
4362
6492
5210
4665
2918
4503
4743
3758
357
2245
1058
6061
6804
961
5497
1870
1648
2056
3140
4409
722
3222
4409
3259
5335
2309
6126
4326
4717
4852
2125
175
454
3145
2820
864
5150
2608
1142
2180
503
6917
3358
5115
1771
2465
1809
6242
5654
4668
3418
2164
2313
6103
582
4064
1660
2729
4452
761
2597
5057
2667
2023
6467
10800
617
2538
2758
4401
3802
896
6055
2166
3455
4556
774
5936
2985
5651
5048
1353
1907
1522
6211
1956
195
7023
5803
2822
1376
428
3126
1842
940
416
875
2115
3286
3410
6335
2115
5956
1716
3152
516
732
2865
2244
4014
664
3714
498
645
990
2023
5041
4782
5722
1882
5103
2290
2545
3398
3533
5212
2015
2820
304
1801
734
6974
1854
5239
5565
4921
5499
3601
2580
3486
6447
3103
5751
3048
1530
4236
1677
5325
1800
6581
1105
4626
1408
2952
762
3675
6210
547
1032
796
5166
5681
829
3370
3864
4431
6933
6319
1750
5756
6284
2236
52
5544
4962
5104
2668
1334
1581
3045
1278
4408
3637
2210
4049
711
1046
1709
3384
5642
2096
4316
3165
3141
3589
1058
6886
554
1434
5302
4804
5798
652
4877
4489
14484
6303
2557
4010
2223
609
911
4935
6931
2027
5535
4525
4266
2249
684
360
2426
3622
3363
4537
2964
2803
4027
696
2778
3562
3472
2270
6573
627
3037
5311
4225
3064
4918
399
1224
597
1312
4725
6966
7081
6604
6886
5881
5326
188
2809
5182
1830
5843
4296
1124
1646
1632
4126
3349
3349
3927
1310
969
6189
5793
7085
6017
3224
605
1781
1529
1611
995
3954
2087
442
1959
4544
979
535
5626
1616
2199
2756
152
4324
1566
1573
3053
4511
2346
1725
1965
1305
4680
5291
330
6242
4204
2670
3104
4874
2300
4183
1435
798
984
4040
3606
1830
4101
4926
4646
3000
5477
406
2794
5668
3137
1746
3857
702
1509
4313
909
699
651
5016
5664
3523
4163
5469
1200
2849
2253
6080
1504
1250
600
129
2802
2674
925
2868
92
5099
4183
5775
2837
2095
4228
3660
5579
2596
2984
1414
6418
4081
1818
1593
5407
5884
6800
4818
3030
6434
1621
452
1357
3601
3300
1462
939
1965
1561
3677
2335
1434
1600
1621
5323
1456
5697
2386
3825
3446
3215
1767
880
1647
663
1721
2008
179
1359
3501
6380
6928
3867
600
198
4054
1301
166
1295
4402
4536
6386
6111
4090
2106
2229
4012
1341
3644
1732
5754
6261
4602
577
5275
1151
624
6196
1620
842
6616
5234
1155
666
3882
2748
6323
2958
1669
5358
4650
3147
5616
5264
3078
2595
5103
5227
4704
420
5864
2623
6122
3033
2134
6413
3273
2753
6258
4086
6398
2190
1429
2286
2200
6169
6953
3752
3184
1896
4533
4325
4798
4597
2366
2313
2331
372
3510
2157
3900
3239
4100
4721
771
1621
342
1719
5499
724
4878
2370
4129
2110
4889
531
2763
3294
2868
2194
4222
2935
6264
2401
3222
2899
5758
1298
3873
5665
2430
4915
329
1603
2881
649
773
3682
1155
4655
2496
4303
1156
1854
1231
2152
1764
6924
2910
802
4068
5165
6476
3567
3180
640
3000
3472
1625
2683
4363
1852
3918
6429
257
577
2995
1467
4053
3622
593
2848
355
4588
432
1273
226
1838
4277
7164
1038
302
479
3996
5257
689
3802
4148
7024
3748
5887
4698
5535
2750
2914
250
1275
2648
759
7003
499
5832
1503
4647
2433
680
6011
3428
2998
1533
3363
3491
1575
1172
5537
2209
851
1302
5220
2924
1468
4531
2904
1086
1080
5611
3586
4601
3180
6176
5685
6144
4005
3571
2497
3874
2737
1062
3748
4345
5910
4564
4038
3594
250
958
4237
3666
3170
526
889
1767
253
576
4464
961
2289
4159
3888
1296
384
4699
5263
6156
455
1014
3270
1920
4770
3847
4118
5537
911
5113
3435
4769
5725
5670
2059
4861
1750
2742
4388
2088
1423
3372
944
1792
430
4560
6842
2221
242
4334
1506
5031
2279
5514
1840
5291
2375
4766
4058
198
426
4694
901
963
1866
5392
262
6901
4069
4897
947
1716
3541
8573
6243
5022
884
4565
3780
1454
1353
2847
6251
1952
705
4574
3848
2382
3074
2266
1600
2373
1064
2149
640
1803
768
492
172
1371
2565
6948
3608
2464
1701
6848
5400
5477
960
4393
880
3864
3963
4315
2673
5920
1798
2090
1551
3501
2428
4756
503
4462
4490
4514
1677
2242
2493
3586
1055
259
3367
2811
4072
262
6660
1770
1462
5335
2914
6199
1699
1015
3519
5410
285
3123
4784
313
3934
6104
5068
5726
2124
457
1641
1562
6540
3481
2556
4411
5889
2920
1026
1196
4152
6598
4567
1525
2814
547
196
272
1548
664
4853
2720
3204
1561
1850
3685
1198
6396
4165
3156
5447
2866
1439
1232
605
5330
3975
1299
1992
2470
4967
2537
2630
5427
1287
6607
1488
3559
4613
1762
2340
3215
1025
4375
451
287
6896
7132
2005
2543
2729
4051
5331
2286
3343
467
5926
5585
5604
2857
6588
1220
6338
7106
2745
6000
428
1627
3913
1177
6793
3785
901
5274
1944
1371
2554
3479
1847
6954
1587
1446
2611
4880
6720
2115
4221
1363
787
3974
4620
2473
248
1880
3941
4636
3998
2006
4857
395
467
656
1215
785
6929
1907
3659
5159
738
3034
4015
3462
4697
572
1879
1118
5270
1309
3687
4319
3504
5506
1227
3986
476
1447
4507
3491
2981
7104
6088
7033
4814
418
634
1653
4687
4338
3178
1104
460
1599
3820
269
3621
3856
5646
1981
3797
2382
5218
2069
2934
464
3971
6161
546
2679
761
2895
1216
624
1949
5855
2781
1423
6221
1236
6354
3361
5056
3136
3049
2862
1875
2879
510
5106
3360
5428
3617
6628
6795
4257
5376
5517
5061
5953
7114
3472
2186
6576
191
2959
1264
3967
697
2062
3610
4885
2836
2509
3084
2662
1859
2850
1783
5980
1130
5854
1036
2932
5527
5687
3887
494
597
3730
3129
1020
653
3220
1847
1449
3929
3595
5599
3170
366
3336
2562
3598
862
1894
2184
4307
1904
2872
1606
5267
4478
5580
5099
4151
7031
547
2886
1321
5023
1288
4059
903
5743
288
4673
2940
5602
6740
3646
1921
1431
2041
5630
2490
6118
3529
1609
4854
3303
5662
3293
4432
4723
5891
3594
1380
2880
6307
3551
4915
6396
4208
980
1851
3795
1576
1538
1149
4543
6626
340
7107
3441
1838
5309
2703
3146
208
1128
9188
6987
1922
1696
2095
1653
5017
5346
1347
5411
6478
374
6298
2646
1554
3600
6281
2826
2018
4021
5023
3930
6797
3420
1221
2674
3650
4784
3470
5755
254
1722
875
3320
3671
3865
4125
1049
1023
1728
3845
2142
112
1887
3884
463
5255
7126
6069
6187
6824
1252
1894
3383
3024
5355
231
3384
5266
4462
4422
338
2930
4023
3940
4579
739
3075
1635
4092
5245
881
5468
6483
6844
1835
1653
1309
3088
3703
1271
4141
808
2822
924
6666
3659
5238
1280
6359
4838
5305
872
2234
3077
2109
457
783
2484
6700
4224
2740
2180
6553
2517
2647
6543
3679
532
1515
174
805
785
2722
306
3818
5885
6704
4407
6704
4796
5762
3876
2420
849
5945
3221
2659
964
6298
4353
1108
1780
3497
605
4095
1090
2271
1490
1686
622
439
3506
3034
2375
3862
1905
995
3777
4072
1050
2560
1863
3477
4430
4417
3802
390
391
1860
3990
1783
2723
6315
6322
944
4576
6087
3791
1694
6969
2170
450
865
3425
5413
3563
117
4182
2240
6622
1364
2262
4738
1184
2341
6878
5227
1292
7076
2017
5451
2706
110
2876
2017
697
4340
393
1885
2594
1633
1571
2120
4078
887
3482
4041
3523
2295
3845
1508
4443
2553
4543
2374
6156
5452
6169
3284
3472
1785
1706
5340
4021
6446
3929
4551
2604
1689
2641
5002
2260
4670
2854
2566
2265
3032
389
1403
3338
6931
2778
2131
3547
6025
3352
3803
1801
5412
3729
709
1996
4210
1195
2570
5136
2325
1151
5693
7041
553
4770
5245
2880
4690
1740
3940
2746
3244
4987
2073
3585
3017
3544
1499
1655
3568
5013
351
2657
4960
6775
2433
2647
3736
2179
5593
3829
1366
4541
433
5026
4953
3023
6473
1929
4922
4138
2441
3810
1435
6015
1107
1497
3244
810
1269
6852
5111
2363
716
3028
423
4061
1232
170
990
3434
3975
1692
5076
1386
795
6054
3807
3625
3904
1794
3913
4224
2447
3638
6077
3939
3922
6621
3932
6815
1733
950
901
5142
1170
868
6638
5695
5120
2348
5591
2289
1339
988
5600
3914
360
6411
5373
620
6042
7083
2161
1354
3663
5775
2175
5903
4932
2685
3103
2567
535
723
4233
3452
4515
4082
6399
1335
6789
2778
2622
532
2489
3068
5455
2856
374
5772
5397
1753
3350
2873
6139
2396
1386
1515
2203
1333
1443
2670
192
504
4092
90
3819
208
755
2232
1989
1246
4495
5674
3614
3883
3451
4435
4106
458
5179
4159
6769
3968
2703
5383
3774
2373
1880
3270
3955
3278
1873
5161
5576
2452
1190
4176
4452
6470
2341
901
3593
2427
6310
437
6435
747
1560
6576
1779
6202
451
4517
2858
389
3424
6883
4828
564
1227
1796
4204
6519
1763
2044
6513
2745
3285
2008
101
3672
575
1010
2869
6395
3195
4114
3068
6692
6823
1160
836
1275
6259
2170
2265
4524
2700
3840
5926
900
839
666
3622
3329
4250
330
2386
2171
3915
4805
3907
900
5322
1286
5980
3551
4135
2790
2738
5603
3052
5766
3802
3059
651
4350
5597
492
2877
6120
810
5018
4923
3839
2483
1782
3768
1463
405
2714
657
4893
2643
2571
1834
2021
4256
3608
5219
728
5807
4594
481
2809
1572
3201
3362
3458
883
2039
5520
526
974
5618
2951
3966
4982
2270
4645
254
1030
914
3540
3366
4896
520
2430
2852
6764
5671
2581
4811
5970
2144
439
4697
4514
2976
357
1401
2955
3396
4385
1876
3172
5295
451
6060
2433
5395
3906
1433
4417
1031
1517
4957
4188
5829
2974
5202
1527
264
1051
2175
2224
2364
3339
2161
4967
200
1154
6609
5819
1158
974
2700
5211
2770
3173
2617
4889
1044
3198
2638
660
3751
1032
1339
1532
4809
4133
4711
3361
2531
1142
5196
3802
1941
5852
4859
1071
1214
5395
1288
4155
1072
1049
546
580
5633
821
3307
5045
1346
1612
1206
2784
3596
2172
3099
2998
1260
4449
786
1980
4652
6584
3199
3589
4804
5710
1415
2197
876
3210
1409
3758
2235
192
3513
4925
3337
4217
1630
2880
5589
5348
5860
3268
1572
3677
7054
5925
2793
6547
3356
2602
1723
4838
2875
2422
4346
3380
669
4392
687
6680
4187
6875
6142
4475
2265
2743
3881
3571
4876
2566
3626
3524
3515
1310
2414
2349
2541
1321
2595
468
798
6084
2670
6177
2312
5069
2432
1664
1727
7064
1194
691
2547
1650
1670
1764
894
5376
2441
4795
2738
5814
4382
3194
5693
3182
2251
2151
4793
542
2030
2448
3955
5828
1516
2906
1888
1195
2779
1725
173
2418
1035
2170
1244
4646
898
7160
950
6179
4356
5092
2297
358
2757
4861
3746
5505
2762
2680
4785
3086
4456
6768
1664
5937
2940
1508
4978
1115
982
961
3108
1740
4816
4875
551
1952
4096
2475
1547
1657
578
1057
2316
4834
1547
5576
3602
2987
2450
3573
2114
2714
5550
3231
6985
687
1871
5439
185
3864
2979
4523
2595
5566
6599
4798
1847
4125
540
2572
1705
3669
6305
6867
777
5669
4766
772
1045
690
4199
1202
671
205
5086
5958
6790
1620
5698
925
4174
2936
3402
2173
1165
2543
1779
3894
4634
4524
4971
5222
4520
3644
4873
6380
3520
930
5130
2886
1832
3196
404
194
1937
2068
1550
2977
2551
2382
2472
7129
945
837
4444
3168
6740
4888
2202
3330
1154
712
4597
399
1179
4524
4943
7014
1816
3189
3283
232
3718
5468
4602
4617
580
5115
1533
1500
4023
802
6838
5408
4337
463
1392
1021
960
2968
1393
2442
2288
1410
3151
504
3072
672
1253
2884
4602
1601
7077
2162
1811
1945
865
1934
5793
1590
1983
5525
361
3941
6472
1895
5489
851
3914
4658
3112
1951
3915
3244
3197
6799
2591
1335
1583
2024
2741
124
5689
2611
3990
3873
2190
2449
257
5601
3054
3673
1622
601
5300
676
1289
5091
1947
4949
626
2378
5010
5401
2035
822
4969
3776
3104
601
5264
750
2445
1745
5059
1004
851
4652
1112
4254
3893
2990
6494
2221
528
6082
1421
2880
3138
1368
1845
6913
5775
4066
5997
1807
5390
981
1066
998
5925
3727
1651
1804
5165
699
3778
900
4367
1785
4436
816
4417
313
1967
4555
2304
1349
1170
3867
3391
6204
3619
2116
2698
564
6714
851
237
3213
1766
3243
922
2264
4888
5183
1814
635
1135
5739
2881
1284
3094
3444
6617
3708
2123
1320
6592
3096
3526
2102
6873
1055
4140
1721
255
3543
1817
6563
6106
1803
4662
5557
2429
459
1401
988
4165
7051
1466
2556
4192
3024
3457
5545
2064
6642
1680
4620
1824
720
4694
4701
2807
4280
1746
7066
3743
1167
5363
4239
5846
2052
1477
3975
2112
2698
4816
2674
5230
4633
4610
4435
6142
6881
6007
4966
672
6620
1480
3053
3910
5537
5320
2844
4403
1159
1595
2985
2962
3962
238
4700
1290
1849
3756
1243
1386
6180
1304
120
4743
4641
5498
3116
1601
2545
2099
695
2995
3377
18578
1564
3655
3881
1744
7085
4795
2594
5398
2091
1935
2954
2260
5609
1715
3364
2494
5764
3969
2120
6469
1833
3354
1070
6931
3179
4053
2093
2268
2362
2255
88
5072
122
4472
6188
2285
4983
1521
6570
3885
3546
4310
1228
4696
3487
5759
6148
967
3268
2891
4454
4279
3086
5623
417
2932
5501
1255
5103
2655
5852
5579
7034
2646
5919
591
1570
3921
2092
6388
492
2444
6517
5284
5354
2399
4304
5793
2679
1704
5939
4437
3194
5607
2761
2947
681
1251
1352
3936
398
2264
2219
4077
6744
1959
4438
276
2463
5880
528
5281
4495
696
5983
2120
5381
5942
4199
3699
4304
3021
2704
2318
5829
1402
3795
811
3128
1080
1081
2829
3238
6292
3913
3009
4094
6104
3658
2786
996
3398
1197
4732
1740
669
2418
3944
3650
3345
5202
264
3830
7121
1662
5287
1711
5599
2262
2548
972
5641
6217
255
5244
1498
3783
3697
1926
2624
5895
4873
3868
900
972
2760
6100
5939
120
5577
4438
400
2058
5856
1562
4264
2906
1121
618
383
2100
4127
2376
5716
4250
3343
220
1898
5933
493
5025
435
2139
4776
538
5560
3975
3383
3367
6771
518
2761
3304
4738
5966
4549
1001
3204
3264
6359
863
5716
5640
1293
1721
1908
4575
586
4937
6022
1861
444
461
2650
2798
3416
213
6550
275
5843
4885
5953
1751
6236
924
6114
7114
5124
1878
6144
1798
516
4980
3586
704
2346
2037
1711
2876
6681
1976
4835
2329
894
142
4473
6049
2449
3822
5218
1201
1471
2039
1981
1379
1015
2862
3521
696
3620
2566
1725
3764
4005
3084
6204
1806
3093
1403
1437
2861
586
2528
1483
3077
2330
4426
3628
3518
3359
3442
5145
5804
7054
2799
1370
4511
5711
986
3992
2858
1463
2114
2655
5522
734
2991
3795
1532
2529
4751
732
5099
3075
332
1462
1853
1466
3343
2813
2094
2816
3093
366
2146
5407
4241
1022
2131
4265
2320
4749
3345
919
294
546
655
1921
848
4597
5539
1972
5001
5588
3105
6457
2224
2950
3099
3945
5429
4866
2416
5175
1462
570
4342
3909
3183
5319
4221
2688
5112
6831
2033
6411
1805
5164
2925
642
1727
2628
7007
2907
916
5656
7127
1849
3861
4656
708
5175
3622
3870
2380
5678
2095
317
2850
4637
1510
2562
2340
1489
2094
1578
3110
1018
5410
5779
144
5277
5738
1136
1377
5057
3121
3613
4999
945
3798
900
313
745
4216
1976
5441
4447
4657
6816
216
5663
1402
1599
4784
1151
930
1284
6633
62
3488
1324
535
3975
2867
1271
752
2540
532
1607
4843
18636
4706
1770
4400
1492
1860
6581
1494
3558
1105
3195
4090
608
3640
5982
1689
1281
2362
3653
2569
2001
5479
3726
1542
2914
5120
1634
1590
1253
3348
367
3995
536
3044
3694
1967
4328
2443
2801
3637
6359
1266
7150
1781
3169
3833
236
1965
4454
4655
4768
6462
4800
6393
3781
569
1469
846
2375
3709
140
3655
3572
4677
3901
5502
5941
1239
1801
2218
246
2940
570
247
1609
896
4041
4200
2371
3867
2046
626
586
5651
527
4262
800
2008
4588
1935
188
4792
4182
2221
461
4684
4228
3256
4744
3786
893
5524
673
4602
614
1429
1966
1029
3248
2213
4683
2791
5329
2164
2379
5596
2795
1323
4743
2153
5448
2901
6437
352
992
4553
2107
3230
1727
1766
7112
5001
4567
4224
6429
5338
3999
3636
6748
3066
2126
5583
4535
2573
586
511
965
6954
215
5307
602
5706
7076
4276
1070
1504
939
2526
4709
779
2351
3070
6645
5610
1620
4962
5908
3681
4646
1943
3013
1740
867
4518
974
2115
4642
3164
5803
4994
659
1755
4726
169
6183
720
4008
4827
4499
2442
2379
1231
1403
442
6063
4992
2413
4953
7109
5138
2931
5072
911
3652
2860
4013
2695
537
960
6392
1665
5932
850
1506
3628
7147
6220
1733
1611
6959
3626
785
792
6675
4763
3590
4226
1697
5672
754
234
2433
4276
2415
1027
6818
2735
3759
3675
243
6834
875
2852
3521
1171
3793
2451
4140
4158
2996
2186
5462
1392
4760
2513
3283
3974
1890
3225
1559
5841
1136
600
3497
2700
1031
3246
827
292
5398
2001
1710
904
5918
2132
3191
1700
1713
1295
1966
6326
3030
4613
2713
5064
3063
1215
1209
1485
6398
5707
937
4439
4708
3007
6108
906
2947
6774
5569
4047
2911
3445
2473
2826
3463
5784
900
3433
4315
3752
5349
5717
3137
5084
3360
345
1948
5729
1328
3509
2295
5928
4652
4377
5397
4904
5523
3013
318
5789
5791
4255
2878
5507
4751
3294
3721
6117
3168
1293
6620
4066
3529
1804
3296
3842
3597
480
2364
3660
1620
1439
1195
795
729
2584
2883
1507
4576
454
5793
4000
3290
494
2614
714
721
3302
2343
4640
1656
2495
3652
3919
5697
3068
2386
6744
2024
2003
451
270
585
5101
4830
2955
895
3784
5282
506
3871
4192
438
5938
4356
6585
3539
6871
6686
1445
5200
3826
5786
1767
151
5301
3483
2428
4540
3445
933
2138
5451
947
4776
2729
276
619
5504
2106
303
1280
2066
4650
6414
2528
1291
4146
4141
5230
1085
6820
1547
6654
3764
1293
1644
1522
3303
1658
4625
4653
1913
5344
2553
1911
1040
779
6326
6125
5296
2492
1587
1095
3842
2165
4333
2612
5596
1142
2810
6207
1245
2993
4285
494
1783
942
2043
2083
2054
4550
1065
6151
3730
5824
2497
4642
2555
760
3886
5974
5247
5176
960
5614
5504
764
3345
1244
2217
719
5463
870
2435
6736
3009
802
944
3607
748
3151
5562
516
4114
837
6783
7089
471
4002
3901
1949
3306
1883
5648
1014
4478
3158
7037
5519
2673
5531
780
565
4947
2777
511
2079
2098
1322
1689
3169
4382
3262
1920
4070
3140
3275
6956
1312
3652
3217
4646
1764
5804
1786
556
2290
4707
5208
5928
925
993
4262
1483
4015
6371
2407
5522
5128
3410
3493
2196
1716
2970
2636
6057
2906
4456
4327
1639
1343
2345
4234
6551
1026
4642
3239
184
1375
2726
4345
2068
4397
5716
6835
185
2921
3197
818
6166
5348
2190
2656
4973
3811
1106
5107
4168
339
816
3571
6230
5706
3399
1065
2395
4287
3151
1810
1040
5400
384
6855
5099
2066
4460
2979
4289
5192
4118
699
1066
6939
1773
2910
1907
508
356
895
3300
3098
1051
2006
1723
1217
5201
4272
343
5641
2587
2987
4868
4729
2293
4161
761
3060
719
1057
6822
917
2210
1285
5895
2313
679
5355
6278
2377
2296
5681
457
185
6401
4822
3192
3434
3334
2638
860
5188
2591
6189
1200
1006
4239
3025
1158
1513
1911
5634
5518
4929
5065
3973
5982
4566
363
1964
289
1044
2396
751
6777
3462
666
262
4847
1682
2519
1656
6647
4644
661
5460
681
1666
795
4757
124
3400
3861
1914
656
5865
5741
4744
1248
3501
2839
2827
3184
4625
1056
5518
843
6399
2803
3185
2700
4779
4534
2048
5253
3513
1727
3522
1839
1092
729
5493
3120
5693
6274
5143
1206
5306
2506
4441
7132
1805
1350
3323
3686
287
1082
4717
6961
2535
510
4292
4250
5902
3746
4301
765
533
5110
750
3105
1360
1503
426
821
5424
4174
1260
4857
4702
379
3275
3634
1342
1459
3211
179
3223
5609
5565
1893
2237
4320
280
908
4800
3616
5134
1137
2956
5836
619
1510
5398
6344
4573
2328
4051
1456
5776
4675
993
1347
3320
4922
5261
1396
1635
2654
4430
2933
718
249
3161
3871
2153
2172
720
1234
944
2126
779
1843
5829
3903
5410
1225
4525
2158
6540
3439
368
1208
3011
3921
5678
2546
5418
6166
6590
6053
5834
4658
728
3600
5955
3225
1015
3530
5213
4357
6879
4476
2080
3802
5476
4277
4827
3837
1621
668
1894
2384
600
1547
1540
6375
5348
4850
4789
931
4284
4956
1728
5445
4064
3537
2249
7121
5640
2591
3204
6367
1474
1990
179
3405
3319
5826
985
529
570
5459
5001
5070
2608
4156
2147
5778
4230
5050
5287
2387
3603
5288
3330
7107
1445
1795
3725
600
974
3213
6525
1720
6450
1145
5222
2166
3485
83
748
6426
2918
2178
695
3928
806
3372
4187
1037
3523
4138
4254
2232
2728
6001
3370
374
1008
3092
1285
4377
245
4725
2532
4013
6903
1052
771
3787
1320
5042
4667
2117
7009
2517
1459
2865
1842
5556
4841
4825
743
5431
1183
6908
1836
4154
6072
4680
3529
1521
3179
4952
1851
7105
3148
4267
1089
5190
2343
163
663
5096
2725
449
382
6007
197
1489
1099
2902
3091
2584
5046
7034
2763
5230
3563
3001
1426
6339
2186
2804
450
3188
3277
1321
2318
570
2496
4014
895
5937
5460
517
2892
3988
1160
753
2286
1313
4151
3610
2876
4225
3750
414
5038
2490
963
6731
2996
349
3687
5764
4641
4482
6416
3301
1957
294
705
1657
1132
54
1267
1863
888
6543
236
4230
2891
4674
5431
2298
3797
7023
693
4187
783
806
939
3488
2178
2492
3081
5008
5025
3773
2880
5350
3299
2983
5002
1392
5620
757
4491
1162
4731
2613
433
2958
4081
5626
5418
5905
5242
492
5351
2186
1505
4548
4061
3922
6832
2009
6261
4735
465
1857
1005
6502
1173
2434
1331
2938
4118
810
1618
910
607
6177
1545
5246
4164
300
3767
1801
2671
774
5666
3871
5160
5346
225
5993
770
3108
654
3836
1010
1814
2666
4785
543
6504
1739
2238
6361
980
4380
2010
226
2582
1501
1895
5933
749
6654
1342
4451
1205
1261
2113
1157
5787
1674
1216
2746
4248
5526
516
1597
2834
3357
5520
469
5303
3174
1956
5797
1455
5512
2935
4571
2382
2519
1549
5681
2237
2906
7120
3596
4389
2240
6137
7035
2990
1285
2533
4837
3745
3097
5077
4693
2253
4271
1439
2398
894
683
1586
3192
6731
3654
4725
659
3760
1999
3784
4158
7145
4838
604
3260
5968
2072
3285
3924
485
3327
5898
6353
354
2408
1501
181
3094
6025
915
4462
3862
6616
4920
3851
5491
1369
823
1484
2390
2253
2822
5386
2711
3829
1760
1864
6049
1480
5246
1749
6045
4389
1372
4112
3597
5987
3930
3208
1033
750
6051
4506
2577
2714
1863
4270
1303
1151
2760
554
6227
4918
2525
969
2648
267
2500
868
3669
499
3836
380
1072
4299
2239
5424
3353
2557
3381
6792
3854
6960
2424
4859
2191
2634
4271
1370
82
625
1031
5219
6892
3775
5197
5957
4133
249
6478
6083
616
3412
1881
3552
2051
1931
7111
1592
1817
3216
945
6101
909
175
811
3058
2349
5844
5074
275
4570
1041
7131
3386
5043
3633
6967
1440
6281
1122
5333
4210
468
5951
2908
4890
967
4979
951
3790
3090
3482
3791
5553
3536
2518
2648
5688
2760
1429
1019
1470
574
4283
5922
4658
4537
5941
1091
837
4609
1918
3356
7036
3148
3757
2428
635
810
2271
2517
3709
889
1622
1580
2856
1426
4947
6165
3430
774
3131
1005
1670
5002
2635
1156
4066
5594
4986
4980
2056
208
4682
2712
4878
4885
2243
5488
1615
5153
2145
1213
5324
464
6560
2686
1061
7153
1719
1291
2633
4296
2679
3411
1372
3941
5611
5611
4641
6017
6983
4861
3633
2189
4289
2393
2330
763
6021
725
3112
6793
421
3329
3948
2981
4966
2495
5741
5073
1746
485
616
4607
477
2462
2098
2564
3647
609
5758
5892
5305
4769
2075
3656
4411
6523
960
5012
1653
1366
3032
1788
749
7119
3266
4668
1754
1982
5422
2181
5173
2283
5364
2223
6246
518
5322
5668
1920
6325
2556
4962
164
1258
4193
4088
4919
2828
1460
5080
4705
4071
1986
6752
1440
830
4160
2475
2843
1614
2335
3268
2722
5173
2361
1840
1804
7017
5278
5373
751
6088
1596
1273
1307
1845
4020
4165
2361
3081
6267
6063
1491
3587
6294
1978
2290
878
4726
2030
2888
515
7039
4807
3216
3153
126
2749
2526
1818
4524
697
6107
3578
2679
1074
3849
2557
3832
5653
5784
3214
2234
4511
3457
1150
1331
7110
5247
2806
3296
2303
1005
1800
4979
4169
5663
7090
656
975
3119
1004
1071
5185
4978
1426
3069
3190
3042
6634
552
469
4286
6788
761
4446
999
6999
6097
450
4716
508
6770
4884
1181
2472
2512
1945
4004
2070
688
3135
5082
2449
5160
6909
2627
5542
6560
4287
1756
5532
5733
6018
6292
4229
3015
437
2479
3890
739
5920
3275
1169
3644
3995
1718
2265
3221
705
1426
3783
5427
4780
1398
2736
1488
5150
4103
2247
5401
1471
5815
4080
1271
5325
4481
4861
229
3540
5471
894
529
1085
2449
1820
5208
4508
1048
597
1806
4147
6090
1930
2926
2419
5298
3265
3868
5372
5525
2063
534
7145
2491
1128
1900
3448
4654
3541
5419
5429
5457
2292
509
2522
5109
243
5520
756
4029
3700
6372
5685
2369
5091
512
6936
2039
4449
1132
600
957
6440
450
1638
1967
1912
1050
569
328
2675
639
1637
1467
6357
266
1001
1790
1986
1948
378
4133
2356
2469
1827
2760
3841
4004
1850
724
5586
4134
4471
2811
6147
3757
6938
714
3671
1320
6670
4337
3082
791
3825
3644
96
2465
1910
4409
5435
2969
934
2520
1395
1489
1812
6442
2074
315
5030
3781
6061
5936
450
3224
2020
1659
2886
6164
1246
4832
6393
2299
347
187
2318
306
6321
879
5001
4023
2345
5871
3429
4950
778
5326
4097
3867
3000
2104
3309
3636
1504
803
398
3730
4556
2072
1441
3147
1465
3758
6987
2080
5229
4746
5049
2858
3758
680
3840
5575
4395
6210
1813
6517
2137
5639
4527
2183
1306
1175
2665
6527
4246
3189
2683
1816
4386
5716
2185
1848
5812
1091
199
2926
2686
4671
1380
3879
1834
7147
6361
3458
2947
5365
2600
1668
1759
5284
2085
6316
952
5790
1547
2971
1766
1184
4329
3470
3082
1655
1770
2951
2245
5285
5307
5377
659
997
4927
2792
3890
3136
5635
2804
6208
6472
317
2941
1388
3337
5570
4277
1321
787
4461
4428
1471
6090
1867
1449
5124
1684
2463
420
3906
1573
4491
3111
6050
5491
318
5349
3325
3169
5008
6384
5621
942
5182
1637
5272
5285
3835
3582
988
2356
5655
3839
3022
5615
4677
6626
6330
1247
3788
2037
4347
4276
6316
661
5434
1156
5146
1494
1952
4800
480
4541
4774
3090
1620
3165
1445
3078
540
6610
1229
2112
6379
539
895
4554
2527
5816
4236
1087
240
919
931
4450
1380
2010
3065
1862
3911
5223
1824
2799
160
3807
212
3288
6488
6237
640
4921
900
4646
2865
5729
2895
2876
5917
716
5283
6381
421
5426
1264
1891
2031
2135
6723
4310
398
1025
2655
1981
2042
194
6704
3382
2846
2531
2140
5578
4792
2347
3060
4902
1964
966
781
736
5631
630
1747
3751
6372
1609
2854
4859
806
2080
1709
3463
2029
4684
509
2827
1484
4731
3326
1367
5355
2799
4707
243
4073
301
1403
1500
403
2985
6539
3702
520
6284
1212
2072
2570
3122
3860
5570
6556
1383
4732
1744
6063
7044
4406
4495
3063
1502
4058
4712
3991
4260
2352
260
7059
4084
3220
2520
7053
2236
1377
1153
1146
780
5498
3480
2042
3960
5750
87
3672
4485
510
5390
5564
6058
5190
6516
4667
4105
3555
3642
5356
6262
697
4038
3069
3811
4993
1492
4948
4408
2220
4415
4149
3495
1091
3479
5597
4596
2430
5399
1692
4685
4138
5078
5962
120
4434
3047
3079
5888
5867
1432
3648
834
2328
3396
339
5602
951
5506
4122
5322
4004
2905
3299
1786
3586
5047
877
3705
4703
7053
411
4830
5316
1898
5632
4221
5894
2484
5975
4305
2122
289
5875
387
2399
3603
3137
3768
4122
4916
4271
3685
1144
4196
2073
2612
2939
4501
4762
5407
4313
3678
5664
6408
5101
360
4744
5421
1128
5418
3433
4264
588
3906
1172
33
2270
568
7069
1538
3490
5897
4018
6948
4884
1480
6236
275
5381
2328
4668
4850
3699
962
709
6949
2430
2820
5547
2592
5208
7122
5161
6825
6096
3773
3717
1866
4882
4967
1801
4822
1830
1920
1868
2816
1870
831
2670
7041
3054
239
748
5760
3692
5201
1694
4382
4545
6029
1521
5909
2982
5240
4073
3425
1935
6056
271
1512
2845
1025
2262
4682
2816
2275
748
4603
4020
2400
5796
4645
4669
4954
514
5583
4997
1687
3531
1813
3793
162
3630
5764
4194
1550
960
4263
2810
6804
6432
3060
3902
4639
3830
3936
1099
4999
625
1710
3394
3649
2161
5336
888
6882
1236
4254
6306
2382
914
7059
5016
5282
2393
5725
3690
2887
3053
5614
1132
929
2975
128
2094
5190
5719
5071
6681
688
5823
2561
1833
3716
4561
4864
993
2032
490
3015
5981
1662
3266
2115
6126
2897
3983
2190
5315
1860
1170
3273
4566
1846
333
450
5806
3619
6714
4169
2292
2970
1674
6196
1128
5032
4487
441
1690
6017
317
1782
6222
3494
3737
2208
6943
2610
3978
1572
4901
1075
4784
4079
1208
2044
799
2115
1232
899
230
816
330
756
6055
5484
6936
3656
766
5277
3281
6845
4819
3384
2687
864
2539
3942
4775
2104
5392
664
3074
6588
407
6111
3521
1746
1860
1346
5718
4125
1340
3986
834
3855
2396
5264
4674
4642
4584
5364
2755
816
1564
5975
2875
4265
1797
1924
3379
5910
3021
1099
2442
760
727
663
5138
5701
522
5915
7075
5467
3017
3339
2172
5842
4854
6068
6778
935
196
2341
1394
5617
4745
4115
2288
4530
3407
6562
5458
445
3653
2845
2206
3284
1976
4765
5316
4040
6817
714
835
1878
2414
1858
6242
4088
4459
2434
4221
284
1005
6242
5922
2364
6454
3148
5679
2388
4056
1814
722
5690
3269
2504
4445
446
5383
3802
1963
2976
4954
205
3474
1342
5621
1842
5008
5506
3774
3520
2119
4062
2045
4968
1194
3855
5011
1032
6423
5609
6399
1470
1593
6691
346
5186
706
218
2184
4237
5999
3590
4032
2156
2730
2775
2040
3158
2024
2949
1228
6831
1590
5533
2611
2246
4587
3415
1715
3714
4187
5260
2550
6046
4132
296
6588
391
2851
4511
2853
2639
2329
1285
450
1394
454
5063
1764
3792
5260
3723
3795
2745
2562
535
4528
5566
3986
1590
2961
3837
4498
4438
6080
1682
1253
2140
405
6890
6535
1898
2522
2370
5863
539
104
4237
5249
2944
1843
6832
1994
5159
591
3009
1604
2367
1454
1283
4469
2194
5236
3238
2025
1643
3775
5581
480
1284
452
3143
4285
449
1003
1557
5799
1104
3476
2806
295
1012
4342
5796
2643
5059
1283
2611
3673
1047
2171
402
821
1539
4470
4799
2601
6942
663
2119
4192
2638
5397
450
740
947
4622
927
5700
5077
6981
2292
2756
5692
3720
5184
2436
2897
6105
3260
2985
5292
4176
6713
6519
6564
3530
4445
4454
1001
3688
6264
5126
1273
857
2155
2801
549
2057
5591
2040
4386
3001
3984
1804
6635
1907
5634
5923
4372
452
6624
5764
1678
2341
593
7119
496
272
5028
5616
3100
1870
982
2340
5293
3564
1853
3568
282
6064
2440
124
1938
3453
4992
2640
5610
4385
2002
890
2097
976
243
4132
1920
2963
4909
300
5108
5192
4579
1283
2404
2741
2552
932
5076
2002
4502
1621
3100
3896
402
1872
6089
2524
2743
4352
5552
5758
149
3903
2891
2171
2635
2914
2116
6411
4891
5761
480
2952
2715
1702
1497
2627
5017
2477
4063
605
3405
1591
3754
5288
6201
1620
710
2264
893
5721
2773
5332
6884
1817
477
5748
4926
5517
4131
1464
84
698
5367
1332
5759
2551
4829
1039
6059
1206
5182
4501
1786
3642
5476
2991
283
7066
5742
1007
2576
5262
1374
4362
1144
1847
6177
160
1633
2498
1466
1996
777
4230
4965
4951
1695
6336
6063
1229
5078
1893
1681
2393
344
3165
5239
3357
5639
5851
984
6868
2625
6619
1027
908
1338
3768
3241
5044
5321
885
1770
2659
2830
1600
1230
3633
4332
2725
3249
1688
1640
3294
2225
1221
3660
1600
514
4949
5261
3477
556
2183
1267
5395
948
105
2135
3601
1789
2687
1891
1483
1876
1665
4309
1328
729
4270
4766
3396
4202
2697
2427
4858
1930
3173
4656
668
791
1979
675
2082
3576
1677
6101
6882
2517
1704
5264
2158
6475
2632
1364
904
4259
4805
3758
5156
247
2163
574
6300
4317
2383
4986
267
1591
2981
1942
2389
5247
2321
766
2634
5768
2820
4017
1915
3741
264
4920
2101
1296
4460
2493
4936
3510
1097
2159
536
3485
4497
4048
4277
604
2212
5673
978
5739
6790
809
1663
303
5782
3173
2657
14665
1055
4063
1080
4028
3705
3726
4983
4536
1516
2248
656
4171
5499
1855
4149
4801
1319
4037
1625
6390
4404
1767
5435
3660
3442
1930
2006
2914
2057
4024
4428
3915
7038
1625
2867
1951
4406
2623
2798
4990
2876
2866
5238
1007
361
751
6763
4748
4551
3158
2023
5308
2649
2332
3921
5270
5298
2195
479
1740
906
672
1937
1690
5810
5310
6558
1288
6763
5798
868
3024
2771
5315
1182
1870
1522
3170
7062
3480
1634
43
1883
2276
565
7020
1030
3267
1866
631
5364
5781
878
5391
2850
1696
6660
6226
2677
5202
4776
5371
4302
4713
7159
4283
4307
2570
2274
1433
3456
2758
2685
4962
1213
2012
2271
3553
1301
5828
6290
4653
1561
6545
2328
3808
6150
2582
4173
5644
3170
5961
2100
6986
2092
4328
4808
2485
2454
4716
4887
6824
1570
5286
3789
3008
4193
4312
3793
357
5323
2008
3990
5385
5700
396
1081
4492
4007
2872
2618
267
3259
4779
5615
2481
385
2343
1060
5629
2786
1810
4147
5501
753
4427
4415
1198
930
4705
2844
364
3140
5055
6630
1785
4254
2210
3106
6733
1504
2144
367
1827
5387
727
259
2357
4430
1050
3744
3626
6735
1703
2418
2711
1981
6604
3082
2834
1175
5651
667
2678
5267
453
3617
4207
380
3491
3117
423
2026
2103
6659
420
1458
5323
1901
3035
1016
852
6658
3007
6706
641
2254
4301
2302
1226
6693
533
444
5540
5146
767
3912
7019
2274
900
4204
1090
645
1000
5265
7120
4566
4067
6737
1948
391
4599
2937
4265
1811
1784
6539
7111
4473
3243
914
3209
4934
3604
6243
210
970
4829
1207
1928
2999
5325
6038
5119
4987
5891
1972
2521
5073
5141
3142
5565
3928
1408
1598
530
2493
2369
2338
1943
1409
5536
3330
3903
3939
4990
2149
4675
1319
1131
5258
4162
5898
4865
303
1130
5970
2045
2249
4533
4175
5537
5730
984
4937
591
947
2776
1366
6709
2124
5938
4839
2669
5834
6682
5071
2071
3870
4202
1573
3414
4848
6475
2374
2844
3158
4363
1247
2398
5436
3069
4306
442
5384
3403
1005
738
2300
3585
1820
1335
4985
5630
1600
1169
5723
4444
4175
1894
5227
5614
4054
4803
5548
5770
1537
935
5985
2679
5211
6513
4650
3920
3662
2182
1192
1363
4850
1906
4244
5493
1263
1254
4508
5108
2727
1906
1137
2818
4575
4229
2797
5911
2870
2792
1595
3310
408
1151
4447
4498
469
961
6886
6952
1890
4776
5453
3574
3611
830
4622
2508
902
129
6027
5687
1190
2488
4878
2704
5441
1950
175
1841
4321
603
3324
1938
998
6963
1224
1999
2521
4375
1027
854
4585
826
2241
1655
7124
1416
1800
6510
6488
415
236
1860
7158
6778
2520
2779
4284
4845
302
5258
1917
4844
2507
2190
4764
2479
4372
5750
2142
917
5886
5096
1407
5768
5588
3878
5543
1006
2220
2059
1806
2287
2117
5223
5298
3283
2354
359
701
683
4821
1677
3641
2459
4234
4830
2996
4575
1086
3700
1712
404
5670
3791
1680
4080
2638
982
2042
4755
6129
910
6841
588
370
3443
4096
3370
1598
2910
5602
4514
2500
1181
2790
5136
3428
1222
2130
1546
2267
1176
3002
3864
1977
1801
3683
6657
1983
3687
396
2753
786
2664
3665
1836
3751
5063
4031
6742
1148
2799
3984
6584
2718
5236
1292
3984
5760
2398
6936
4346
5799
4111
727
2301
4548
5070
6767
6655
2880
2240
2016
3630
5800
147
12797
4137
614
2836
6727
5252
506
5544
2570
1900
3307
3833
140
4171
4428
2743
1620
5901
4116
3770
5555
6708
4473
547
5308
1137
1900
1195
2501
2424
6349
3870
1692
4545
900
3676
172
4227
3692
3529
751
4860
809
5163
1088
1217
4311
1949
5677
273
2284
3814
6402
1471
5926
3133
1081
5022
1297
483
2218
6805
4217
5590
4513
6785
433
6677
2674
801
2194
2287
5826
918
6670
1241
5925
503
5406
5313
2277
4032
443
5534
429
1122
666
2361
4388
2670
5147
5363
4824
2521
2199
1049
2793
3088
2493
729
7032
3935
626
4790
2986
919
1813
5380
4887
2256
4304
5044
5405
1857
4728
4185
274
2523
2464
929
2760
4092
1303
1667
7012
2748
2814
1802
1589
450
1750
2832
5579
2426
4152
4850
4920
199
1525
1804
3715
4230
1301
1534
5776
5645
3595
1814
1937
517
3579
2192
4333
2595
2582
441
189
2774
6081
3903
687
845
1222
5127
2430
6574
2497
4703
2940
5175
6450
1949
5428
3379
1911
710
1100
5839
3133
5423
3541
2926
604
3333
3103
1126
5822
937
1057
4778
3667
3459
2991
5204
1648
6957
5184
4308
6141
1154
5777
2518
1807
5324
4785
6779
2526
5347
3330
5444
2163
570
2129
2659
442
6176
4399
4257
2786
3869
6712
3434
7158
4798
5757
5522
1349
360
2645
4059
6169
2566
5127
4836
2334
1867
6135
384
418
3602
2753
4023
480
3369
5640
6490
976
900
5712
1024
4752
6332
3378
3706
7138
3710
3825
4601
524
4679
2989
653
4708
4299
3324
6597
1688
6163
4980
2220
4126
3573
3375
5422
6721
2153
241
1735
6708
1952
2439
3646
2915
2268
211
1008
6391
6238
3817
7026
4074
2022
5666
4053
3138
2367
214
2384
1558
900
539
2040
2469
4143
963
5991
3364
3886
4884
3610
5440
4363
2101
2584
2687
1449
1062
3406
1093
363
4532
297
4397
3837
1769
564
4609
2128
294
4819
151
316
616
4929
4191
5599
4538
2235
1040
3648
5819
545
6714
5472
4865
2178
1212
5534
1334
2287
2799
5549
1558
6675
3021
5706
734
1560
512
645
3362
487
3015
4951
3863
6210
6745
894
4389
5646
6397
522
950
2286
2932
1433
5692
1179
549
1181
1157
6345
1757
3069
4220
625
505
1678
1868
6213
3508
4402
343
3836
2989
1608
3019
6442
1856
2820
2385
3315
180
6744
4705
2698
2900
851
240
1584
7047
6717
2373
3253
4125
944
5538
5017
6923
6219
4577
5026
3707
444
2377
3887
5044
5359
4061
2739
2125
2371
6302
2758
7026
5068
4559
2854
1616
1910
2291
4272
788
524
5345
724
3343
5189
523
4063
934
3122
1272
4841
1211
1130
317
2680
4808
5106
3940
2117
4022
3170
4701
4532
5685
1006
4398
234
2251
3911
1888
3117
659
3904
2058
6682
2828
3921
1274
922
3091
3322
2781
5701
4410
6164
1203
925
3750
3616
6374
5760
6072
849
2080
1753
1597
2243
2072
1024
3409
1678
6380
3718
2391
196
450
3500
5715
3719
210
1630
3957
5903
3648
3352
2286
1214
310
5113
5345
2951
1980
1305
1956
3608
2863
695
6199
3209
4332
2850
6115
5813
1618
1315
4603
5171
3793
2671
2568
3575
3808
2377
5057
1964
2894
1027
2383
3018
1488
6792
2216
3023
502
1888
7004
3449
4156
3485
3443
1450
2183
16088
1675
3013
3428
3017
3070
999
3870
5329
1008
1018
7072
6745
2352
774
4480
6285
617
1228
1606
473
598
4463
5519
1978
3146
3792
6916
1219
6871
812
1621
5281
5829
2583
1945
3143
1171
2398
1081
606
715
5236
999
1848
3963
3960
4202
2279
3902
2029
362
1586
6563
643
3795
1018
3537
1200
4539
4978
4955
1784
905
6686
3873
1537
4963
1288
1406
4883
2706
6384
3133
6603
687
5467
1688
6802
1528
6457
1009
3400
3442
2306
1725
3426
3567
661
1028
3146
954
1439
2076
4536
1185
5328
3665
4298
5802
1806
2155
1951
2629
3773
6002
5809
2802
2857
1801
5082
433
2365
1258
5549
5316
1180
2543
3108
4508
1969
3445
540
2852
4174
5909
918
4803
1353
5069
1942
2898
2817
6254
2486
4180
2624
1207
4352
6955
1877
1978
5917
1102
5948
1785
2520
4829
691
3993
4728
1887
5017
5900
1005
3947
1807
2224
2161
5890
3562
5461
4040
1699
6398
3280
960
6757
1921
4892
6108
2217
4339
3139
1656
803
3347
5653
4273
6324
2182
1544
3205
3732
1729
3295
5518
2552
3067
2061
2748
1945
4812
3243
6174
5358
811
411
2013
2614
2264
5989
2101
1338
6325
2444
6214
1147
720
831
5102
2304
1709
3809
575
6642
6290
3697
1329
668
4658
2336
7132
5024
6337
6492
449
4077
5049
2727
5362
6442
6079
778
6318
1792
2906
5843
6183
3568
3765
1732
2860
1567
3650
4127
1930
370
2569
3269
2508
899
1235
2201
1664
5841
3888
1563
929
5109
327
2100
6115
685
3171
3109
1877
352
7156
163
3713
2841
5297
3511
4143
3838
1841
1406
5167
6359
633
1440
3382
1567
816
634
2876
2630
1808
583
496
3165
8998
618
3801
1644
4326
445
3078
4293
2832
1956
2465
3815
5282
1116
5130
4311
3331
2790
1604
3295
3538
3032
2244
787
1361
1543
3683
4484
5960
2515
1682
3037
928
2173
6434
5707
3397
2510
2881
4629
156
3262
2688
3963
220
3830
1240
1265
537
5639
4802
3869
1149
5705
3771
6537
4429
965
3981
4979
7131
632
3551
1259
162
4182
2128
2673
1410
2655
2215
6921
4155
3785
1395
1905
3705
5002
3871
3467
3452
4772
3814
3750
5294
1937
4687
1231
5796
2730
1025
2004
1008
5544
5310
4497
3831
1659
2527
4789
3894
4970
4473
1389
588
1587
671
6092
890
3495
307
1882
6254
3812
1517
453
451
909
1072
6077
2968
770
2603
5326
3601
354
3247
3641
2191
3640
1725
3544
232
5929
364
2081
6788
4143
1495
817
3252
2868
408
6029
1012
3373
6052
5572
1049
3285
1637
1513
2099
4781
1355
3625
1381
6827
4842
2329
1765
4529
2388
607
4617
3738
3275
6574
3888
1159
3444
547
3199
2176
6045
1046
1460
149
5367
6544
2585
5037
2893
5545
3488
1290
3197
5683
1549
1001
3938
4020
777
1680
1977
330
2875
670
3263
4103
2652
4360
1604
4820
1304
5726
1817
1188
1958
3550
2859
6704
1593
3445
6255
1224
3363
4331
1602
1114
387
502
3598
3595
4623
3498
4821
421
4081
4453
1457
4335
1727
1345
1244
764
4266
3225
3922
2134
4357
4980
6797
3687
3394
4965
3764
5719
1124
3800
1554
2265
5796
4061
1654
2646
5368
2974
5586
5397
2029
1727
1379
7097
4404
3003
2845
813
1811
4758
5927
4575
1318
2422
897
2656
1471
2585
3516
4617
942
1207
1329
6378
138
617
1950
1272
4973
5998
3062
1578
4570
3285
2705
5934
2558
3564
123
1730
3327
3663
4142
3817
1682
5692
2507
1502
1763
1928
2945
4275
655
4210
1862
693
741
1829
808
3073
4298
447
802
4004
5353
3995
2943
2506
6498
3383
2848
3974
1158
5830
6564
2684
3347
1538
6746
580
1680
4725
4748
2618
2475
5176
3468
223
4649
2530
3385
2625
2147
4206
6623
3982
1900
4978
980
1890
1040
596
5771
5827
2312
468
243
3601
2537
1938
2180
1965
5677
3818
1395
1222
6441
3424
5897
4581
5523
1231
677
3125
7115
1867
3889
4888
4162
3578
6635
5523
6825
3845
2240
1365
4533
2707
1507
6895
2416
2108
5955
1670
1409
5722
144
5822
4673
2297
3380
449
1768
4142
447
6214
2741
3169
4903
6350
4838
869
5234
4531
6158
196
5224
2670
3651
2667
4738
4190
2523
4617
2557
1365
4122
445
3126
3724
4162
1850
2125
2646
445
4563
2428
5571
2803
6889
1341
3150
1760
901
6598
450
2005
6558
2002
2435
887
6008
665
1137
2103
5879
1201
2662
375
1201
1462
2539
6285
1609
2667
3506
6744
6068
351
2932
3899
5113
5409
212
4680
4530
3331
278
3672
2066
4970
2249
4483
6480
5941
149
6597
5263
1749
5100
579
4219
7001
4718
417
6149
5989
5220
6937
891
2949
1480
4575
5428
6081
5288
1171
4876
1876
1929
2142
481
6220
984
2653
1480
5771
2457
1093
2962
640
4627
2648
5507
2496
4499
2527
4661
2580
1314
187
6364
2216
3513
1461
3059
2485
2154
2089
6677
3256
4091
6523
4265
3543
7053
1306
2990
5407
999
2352
5064
4314
4558
4370
1301
3516
5396
3299
4355
1706
997
4026
137
3492
2621
5318
1260
4456
2173
4073
3608
2321
6688
1995
6109
3781
1907
2951
1010
2692
4865
5692
709
979
2409
2370
2290
1155
1869
4221
801
3709
897
974
1034
6698
2910
6000
6814
4677
2429
4104
5090
1596
5867
5408
2287
1360
1009
6179
1625
7145
580
5015
1260
3333
660
132
4653
4359
2961
2456
2625
749
2987
5598
1893
5804
5100
5470
5322
3055
1303
1902
906
6498
1963
6770
5786
5346
5043
3679
735
5495
5318
412
1130
2444
2468
3822
4476
1699
5598
2097
4699
6534
6377
2954
450
2952
4662
6968
2252
151
1249
1626
3422
2566
1308
3411
6241
2092
3030
4834
4022
3367
284
2392
777
2614
5890
2161
2021
4489
4022
922
2818
2295
1590
6285
2750
1626
6742
403
1082
4601
2220
4041
4011
5455
4279
2475
3582
5258
238
290
7065
6644
2863
2200
2482
975
6142
1216
70
1302
1754
6539
2157
1053
4826
3183
5148
3184
1832
2264
1365
1549
208
4512
1277
903
1738
3922
1347
1160
1729
4752
3869
2563
4557
3224
6189
2466
5653
4720
2954
3230
2781
2418
1165
6130
509
6532
621
598
2119
5136
1672
2929
3209
3578
4086
374
4469
4245
4038
4993
1065
4951
2496
6096
2903
3169
5120
2136
1880
5001
4047
1406
6791
5275
5437
2848
6374
6503
1167
864
5191
3700
3209
3303
1491
3001
3828
1662
2040
2458
5407
2735
3838
4221
823
560
713
6434
4068
4254
4053
3829
1614
3268
3950
3324
2316
5164
2628
1141
2353
277
3234
890
4183
2004
2164
6319
1659
2817
695
5367
4052
2370
2460
4411
6216
4645
4885
900
585
1577
3626
1890
6311
6468
3127
715
2343
2044
682
4833
1260
6201
3833
4270
4362
656
2781
5503
2520
4613
1397
794
1558
4550
5218
1415
3096
2699
3314
5928
4991
2998
1502
1071
6464
5498
3868
5302
4425
4990
618
4836
5545
5286
3194
4685
5119
5235
660
301
3842
1763
4760
3980
5336
496
2193
3152
4774
990
4294
4382
1129
5484
6524
2266
2814
3047
3637
4404
1458
4415
4635
7004
2129
1802
3476
3223
4643
5734
7082
6006
278
3883
4772
2200
2611
1681
377
6396
2285
2431
2469
3067
3804
335
2354
2955
2588
1106
929
5492
2972
5702
4794
2752
5820
4658
3190
2986
1208
3208
6795
6931
4886
1911
2174
2690
297
5382
4216
3994
6746
558
1626
763
2696
4554
2201
7092
982
5658
1530
4354
834
2774
5789
5918
6678
1449
3847
4612
3989
6096
922
3842
5638
3045
2722
6992
4384
3572
734
2460
3851
1468
191
5113
5607
5468
5684
2579
2732
1390
3396
5840
5406
2879
1564
5049
5881
3070
5008
4535
1854
7070
790
3703
1288
1309
4269
3034
1084
4687
1028
162
998
6244
3637
2124
6954
2158
4002
3299
1594
3226
5392
5489
4225
2494
934
3413
1290
3710
1969
2326
1819
5018
2559
6297
1282
3697
7104
3270
3281
5818
5713
1023
4758
4614
5315
3204
5196
3011
992
2501
5158
1251
1947
2951
7114
3234
2779
1335
4393
3117
209
5678
1736
2304
944
5780
5242
1107
6802
4737
3169
3881
3926
3019
2094
1756
950
6849
583
4659
6102
3049
6922
2992
1729
763
5775
6395
4569
3970
6510
1670
5196
5914
2289
1595
472
1150
5389
5074
6374
491
6326
915
426
838
5393
624
2859
2282
2672
4562
6898
4786
4792
2272
5628
5344
3791
440
1811
1781
4223
463
7047
6586
674
4091
2708
2175
2241
3848
1823
899
3388
1834
1584
1344
2982
4417
3105
2529
6352
5504
4797
5849
3512
6008
2914
4740
5080
5243
3323
4766
837
6084
3914
4601
797
3801
2704
549
2148
734
6227
4297
4225
766
6271
2927
4323
2507
2526
3226
3664
2391
2653
5782
4032
3635
6020
1800
2726
2762
2613
1704
5355
810
1973
990
2480
7023
3261
5221
2038
2199
4612
5002
1845
2783
2021
2436
4185
2363
2989
4902
675
370
1326
3500
3143
758
1746
3302
219
5099
2604
4164
5145
4285
3559
1777
864
5502
2947
5872
4189
4597
1509
4342
4741
4270
5208
4122
6461
1561
1156
1872
4778
4746
5557
4590
5944
512
1800
6876
6375
1236
232
1396
5214
3695
3128
4791
1455
4582
1017
5872
2851
2651
781
5392
2170
3738
2291
1751
272
6712
4805
3698
5259
2550
3224
5396
5053
5004
1802
1941
1943
2944
2178
3906
3530
3390
4475
2384
436
3507
4697
3353
1970
1722
607
6501
4739
2886
3307
736
4545
386
4529
359
3013
4939
3727
5647
437
4653
2742
3052
3597
4639
3782
4276
4798
938
6226
2463
3572
1684
6623
450
3601
2820
3528
838
737
4799
1165
4071
6699
2124
1380
3837
3450
4657
2581
4981
1932
4962
3338
5070
5085
6327
4257
2467
7149
5806
4621
472
1643
2923
4997
1430
6735
1714
6217
2058
1228
5914
573
2072
3361
1082
581
4969
2197
738
708
6282
3835
624
5095
1033
2859
5223
5478
3741
1257
5063
1251
6549
6314
3113
3013
6883
3519
1068
989
3090
2460
1755
504
4002
5123
5401
2438
3924
2893
1977
5830
4701
1621
715
1431
3226
3598
750
5222
5507
4721
5531
4271
761
624
5066
3741
3041
606
3368
3493
4418
872
4645
4768
1990
3062
6516
883
5962
1612
4205
2737
5768
5358
3410
5497
4637
3145
4549
1720
5295
2216
215
160
970
3789
1684
1235
3609
633
1696
630
3935
1529
1638
660
5545
2490
1678
3059
3107
4459
2165
2069
2370
1139
4171
2998
5047
2501
3164
2539
6081
3199
2786
361
1271
4408
956
1844
3142
933
2827
3076
2850
4547
1899
1212
2525
3636
732
1791
5581
1625
3184
5537
4728
4498
5264
3574
800
1912
1361
626
1733
3530
3208
5590
5109
2412
594
5662
378
1866
3929
4110
612
3886
4142
925
6120
3986
3793
6864
4004
768
5106
228
4415
4201
3114
5621
909
3223
563
1157
5948
3468
4493
4672
2273
1565
6657
4246
810
626
2540
4581
6940
706
134
2707
1416
6279
476
4683
2851
6842
1806
848
2136
5292
3383
3116
4830
6244
6031
572
5435
5025
576
2259
3929
5035
5267
3863
2535
1206
4237
918
2832
2022
4514
2249
6829
3686
4462
1699
5704
1645
1218
245
3033
2926
880
1984
2307
1974
175
917
3216
4227
1577
659
4844
7121
3825
6714
5605
800
4845
962
5647
1872
5577
6480
1151
5400
5510
670
5016
6052
775
5932
2286
1872
6901
1432
2315
974
6588
2316
1807
4469
6010
4175
6717
1222
2982
3956
4356
1607
4539
6200
6334
818
5544
2589
1449
427
4140
3009
1124
1449
4403
4268
1634
2790
4592
5655
919
2153
5529
6012
5061
2483
1947
6430
3476
3594
1679
4727
5806
1488
2938
3126
290
4931
6229
446
1690
1154
3658
4488
3489
1233
790
5439
254
3876
90
1681
3757
4030
2365
5418
3237
2040
1176
5375
1604
2044
5286
3380
2060
3577
698
6230
711
3652
651
1035
3786
6295
4472
6420
3095
825
5563
4390
2741
6204
2293
5876
1129
455
1952
5555
3576
3717
4653
3001
2101
2851
1750
3354
3598
1281
4661
4949
1481
2567
3573
892
2263
207
1964
1156
4548
516
6252
5676
3397
2501
2984
4946
2578
7118
5682
5337
2174
7098
4477
3515
990
1844
2529
5829
3428
1908
1424
2116
5055
1921
7003
6990
315
2695
3530
2223
1660
3347
1394
822
6968
1175
5882
5178
6139
1113
2104
645
2708
6279
650
825
4717
4201
2499
2599
3761
223
3423
3374
2869
1397
1938
687
1501
2906
380
788
4689
5571
2727
3290
1437
2100
4103
4409
896
2648
1007
1404
6887
1887
1020
4518
2732
4120
4541
2174
777
1763
4378
367
4652
5680
3700
3624
2489
2840
6585
1639
380
3884
2397
1870
1872
1108
582
4393
3628
925
1398
7031
3624
3840
3465
4148
982
1797
1666
622
6953
2466
2845
869
625
3707
78
630
5417
4643
3054
1021
6889
6523
4935
2067
3715
3801
6710
2837
374
3595
5522
2124
1312
2982
1597
4273
4386
2765
1946
2347
5453
6752
1718
2760
1584
3742
4212
4363
1518
3336
473
2134
1865
885
3242
5382
2742
6111
387
4485
2076
2411
5117
3074
1544
300
5345
1940
78
2565
2051
5087
4561
5539
4595
2161
3996
2744
3602
3323
6946
372
2973
3090
5512
2272
2604
5834
705
4536
2705
1260
5777
5855
5026
424
984
5712
1258
1292
5504
2143
503
4327
2415
6681
610
5057
868
6576
3172
574
1777
6501
3276
4979
2461
1133
5160
2627
5232
6606
5509
4084
4223
1403
4882
3667
1816
4238
328
5390
5019
2700
6242
2625
1313
249
756
3804
6845
6012
1680
1125
1516
2229
2221
4999
6394
4641
4586
2722
3784
6211
3124
3632
1756
4110
1833
4904
4893
2096
5476
1848
3049
2788
2736
3942
416
2388
2754
1936
4238
2538
6870
380
4046
4545
1687
5607
3643
1260
2019
707
1098
5536
4182
4813
1997
652
411
3082
6410
5880
5547
612
1377
5995
735
2906
1253
1466
426
856
682
1451
5438
621
2404
4110
1655
4225
4333
2007
4301
983
3009
2648
1491
1498
2960
1900
1733
2618
1796
3254
6237
4680
5080
1684
6561
4533
2786
1551
1508
1355
1248
1429
3362
3149
6635
1605
4180
6153
1953
6526
5441
4600
763
3371
3991
2039
2202
2677
805
623
2021
4326
4269
3886
1291
3838
818
5670
2422
2365
2849
4150
3808
3367
5696
4713
5501
5164
976
2571
3637
4703
5722
2711
3386
758
2323
5906
4076
459
457
1749
5496
3045
5433
4861
4109
4974
1289
1401
984
3615
504
2823
6093
3578
4363
2523
1022
2383
1085
6513
1041
1016
1875
2287
2223
2309
1404
2709
5185
1825
2481
1180
2180
704
614
3391
4067
2331
1444
4413
7051
1137
4324
2095
3535
1636
5553
2757
490
3242
2007
6391
896
5653
2707
2944
1874
292
4879
5685
1369
4008
2219
1343
4354
773
3891
2597
5421
1326
1053
4272
2504
7110
5537
288
3666
5716
3887
4105
5922
5207
1417
5946
6101
5045
1665
5593
4084
841
1863
6068
5073
3976
3133
1686
3423
5532
5329
838
3022
2569
1876
6713
3943
3329
6324
282
4296
5154
7084
3009
1687
430
5839
5856
6091
2374
4930
5278
6162
5205
4201
2107
3584
5489
3663
5739
1594
3909
3345
2347
4119
1184
1059
4699
2124
1578
811
1684
5574
3302
3261
2611
4995
1006
5568
2474
2306
922
1289
6910
5900
6743
5618
5174
3664
2515
6587
6384
3039
6135
4715
3798
3499
1354
177
2758
4541
3060
996
1724
4618
1584
3355
1336
3968
5436
524
6471
7132
2421
2610
2863
1877
2458
584
4231
948
4175
5084
2182
4325
3358
2772
5403
623
2510
2284
3318
2971
2363
5640
4306
1059
2162
5577
1490
5642
5672
529
4043
432
1565
2218
4586
2575
2145
3852
5221
2689
373
2556
5905
1663
5429
2431
945
3041
1513
3021
3822
3057
4056
3055
2711
2952
1414
6502
2539
4587
4002
3402
4326
6269
4776
2055
2775
5055
3132
1452
5965
3932
4496
1260
668
1629
6330
6391
3503
2033
508
2223
1484
5488
2337
3221
371
2875
5460
1706
1316
2583
5155
5039
4684
6908
7132
5301
4177
3135
1969
1331
3107
1579
5499
6039
132
6673
2041
2112
4067
2421
120
5271
1340
3420
3409
5776
205
305
3696
492
3569
5562
276
2149
2290
3786
2338
4097
1652
1992
1956
6784
5191
5788
1814
3668
3869
4249
5766
5453
4879
385
7140
167
857
238
614
629
591
3899
155
1957
4853
2267
5590
3926
4838
2293
3870
5775
7152
790
4379
2430
6669
1499
2462
5330
4467
2949
3496
147
5820
5996
4590
3954
2500
292
977
1501
1260
2520
698
4993
1234
2178
3685
4192
2560
1751
6407
1972
3631
5219
1024
395
4489
2104
2406
6783
2195
2848
4527
4948
6734
371
2299
408
611
3421
5826
3640
2199
5602
6729
1184
4914
2994
1682
4229
6528
2580
3501
1005
4065
1441
2635
6579
1501
502
6044
387
1072
6939
947
626
1023
1781
751
5078
5370
1080
2811
5096
1768
1705
1670
1327
4482
5887
5650
5645
184
6417
4946
124
1607
2656
703
5513
4545
6413
3598
708
5378
5721
2822
373
339
1081
2004
5058
180
1505
3036
928
1347
5743
3614
8376
1908
5210
3724
808
2652
7126
2698
5137
421
3107
3030
464
1629
1986
3135
5162
4814
219
568
4543
6129
1212
2666
4405
5109
484
498
1352
6055
2664
320
3730
5975
498
5382
1218
3661
1826
2577
448
1351
3337
2152
833
4134
2191
4499
1330
488
1534
5280
1120
3555
4583
5335
3478
6938
7084
4287
6682
2226
2297
3941
5745
2000
3583
1790
1729
5361
6081
3160
1995
3855
4859
7131
6701
3610
3726
6243
5841
2084
3964
3132
4712
2945
3644
6929
3591
1900
6013
5518
4596
837
6396
6351
2173
4385
165
3656
4655
4854
162
5461
5916
2162
5128
6425
1164
4276
3426
2848
4227
6112
4564
4869
4875
2418
2158
6376
5021
1250
4569
646
4498
3312
3958
5023
3578
4147
2304
6235
1652
1626
1675
1056
2250
1036
5353
779
2323
1757
1956
479
4499
2399
3431
5474
3949
4448
4999
5373
3808
2242
1165
4752
3558
1106
8976
2080
2122
5438
2072
6863
6982
3253
3437
4071
2758
3267
2672
3104
3387
469
2825
6247
5196
1753
1379
2489
4787
1652
3134
5219
4471
819
300
539
5759
4560
4178
6594
5631
5060
4845
1539
1359
6050
6654
4228
2898
4201
2860
4743
1527
4534
2550
3924
6834
5491
1996
3678
680
3394
729
3342
1820
1155
6064
4613
5259
4265
920
4533
1664
943
4509
1357
4944
4395
4996
1226
3537
3830
5723
411
1514
5880
4120
282
809
6927
6991
4737
5945
814
6605
3819
3394
6954
585
457
3810
3706
4426
4420
4498
3382
2172
5684
2112
3271
3230
1700
5586
2355
299
1117
5541
2086
4619
990
1232
2013
2205
3828
6142
5398
1886
3706
1218
3940
928
6682
508
1728
1420
527
2554
4560
2493
4393
3404
3001
5622
420
686
2667
4230
5614
3228
5182
4790
2430
4000
2077
5215
3767
2841
2742
1923
6681
3090
1787
2056
3070
3278
1654
6074
3617
4101
5050
3818
2764
4765
2350
1263
758
4440
1325
3114
905
5676
4797
2022
1074
5705
5429
1423
5723
6911
5514
1751
2280
2309
2564
456
3073
4233
3450
1277
3338
3612
3412
4434
4836
636
5069
426
6894
129
1355
650
4938
473
2036
508
4403
1610
2577
3153
3273
3798
6513
3283
4963
2720
2992
2924
3744
4170
6548
1315
1185
645
1972
2196
4339
3842
2648
5651
873
1823
3015
1112
1649
5350
3188
4036
3140
1259
5589
1651
5485
1667
2002
5469
2668
1794
5089
892
4990
4889
5269
1989
951
2748
3588
5818
2018
5296
3438
2209
3342
2981
2915
643
726
2118
2544
1822
845
4972
5236
1350
6883
4872
1676
99
2852
6427
5718
1135
5141
4860
3164
2385
945
3846
384
3433
311
5667
953
1704
4600
1152
5338
5801
2065
4704
4640
1987
705
4256
5665
4933
664
4674
4608
5590
1015
3644
2663
2412
3899
5842
3818
5354
6005
1955
748
3055
3750
4030
3493
5109
6060
2491
1734
2179
4750
592
5636
5233
1290
4640
6633
5832
2588
1895
772
195
5844
4378
1621
2208
6567
1477
1494
1020
158
215
1515
2001
503
1347
5754
6933
6585
4911
4405
3058
2387
5476
2724
1603
6378
2946
883
3717
1027
396
3506
1682
4871
1140
1085
4139
324
974
4766
1312
862
5359
886
1342
4388
4964
1921
2336
1777
5971
3282
6503
1518
1322
1816
6083
2274
3633
589
4697
4904
6892
1153
1245
4927
4923
4026
5098
1601
3861
4228
1544
7117
3796
4920
4773
3080
1809
1503
3070
4391
3235
5400
1162
3862
1634
1427
5280
5737
5155
1627
1174
3699
3251
987
2574
4374
4949
3804
5142
753
5749
1312
6352
2635
6255
580
2168
4274
5744
3938
3154
3238
1338
6558
6725
1804
4637
4415
3161
7157
3027
3150
2256
5727
1516
1816
5032
1306
273
4381
1755
6953
444
1986
5433
1873
6763
5071
6609
5109
1126
4752
4501
1862
6465
3232
3640
6383
2823
993
2346
2690
5524
919
5763
3736
5489
2578
573
1037
2179
5028
6237
5246
5780
5521
4048
3621
5806
408
7122
2592
971
814
4816
972
1521
6384
2559
6866
6656
1060
4086
1381
719
4785
3987
5982
5679
5697
1095
3118
3015
3826
5296
4581
1004
4486
2291
3298
1964
5701
3860
958
1084
313
6684
1515
4588
1348
178
3726
2567
3641
5871
469
4558
5651
1301
2376
639
5890
6401
3306
5984
671
2588
891
3739
3158
5921
3379
3251
2747
5406
5842
4948
1897
1181
4407
5847
2943
566
2382
4767
2381
1515
3640
5151
4035
1965
6531
1660
3466
4241
2751
1024
4253
6864
5925
2969
4202
5420
649
2865
2721
1844
1409
2197
5571
2860
1089
2011
2360
4696
234
1253
2478
2603
5922
6221
3535
334
4681
6270
2769
2326
3204
1059
3447
6439
1005
3294
5180
1414
6182
760
5578
3762
5421
1895
3239
5443
3090
3458
5563
5507
2654
274
3931
4865
3395
4368
5134
1788
1255
2700
5400
6682
4180
846
1384
5151
1485
1763
4075
5032
3569
1070
1649
6543
1100
3985
6055
523
937
2010
3700
4236
3224
6366
1684
1437
1495
3750
4547
5660
3709
5836
773
4949
1605
5369
6655
1898
4006
7159
1181
3590
1955
4667
5849
6601
478
4196
6005
5267
5872
6605
2222
484
337
1513
1297
1123
7179
455
5024
2836
908
2064
4607
6699
2577
3066
2298
5712
2646
2465
472
2140
3930
2611
370
5890
2536
3371
1127
990
6376
7068
2918
2419
3633
2510
1492
877
3750
2771
4697
304
949
5893
4084
1302
2116
5606
5694
1899
1184
3346
2390
7005
1557
5490
2421
261
3605
488
6174
2150
5255
5741
6469
1551
3419
413
4468
7148
3825
3334
2660
3806
1177
7133
4752
4419
1159
718
4250
4327
3175
2291
2699
5612
2890
5416
5587
4870
4053
621
849
2438
3190
1599
1216
5808
4209
3191
4565
4110
1672
5477
2421
2065
6140
4742
706
3638
4312
4994
6899
250
2538
5769
6037
2086
6265
4951
2242
4377
1547
1534
2756
4309
611
7040
1363
1119
3713
1914
3577
5202
7143
237
5530
4356
5666
1695
4501
1560
2462
5539
3990
2373
2131
690
4329
708
1088
2583
5852
5289
1720
6566
3388
390
4143
4854
3044
6223
3076
1667
4458
6751
2111
2344
4803
4151
716
3767
2742
2545
5397
1870
4152
4627
4693
3779
6208
3305
2163
6121
631
6338
3174
5628
3986
791
6303
2476
2208
6772
3910
4971
5606
736
4989
1068
4200
782
2772
5570
3586
5749
5785
1046
1793
1527
4055
2383
3979
3303
4664
1551
899
1755
5905
293
4034
4751
4924
2095
4853
5162
4514
6659
5892
1611
5059
4168
2333
3099
3704
394
1223
2795
2385
147
4004
1082
5298
3312
2736
6265
367
80
6690
5868
2295
5338
191
1020
3695
3586
1962
1767
910
4800
2510
350
4338
2002
514
803
512
2875
1101
4200
490
2706
664
3273
6699
3298
322
1441
5724
596
3290
477
1618
3985
1532
2490
3178
5866
3588
3438
4701
1137
5818
3019
6538
4972
11253
1413
2159
2220
4336
1684
3483
4400
3426
1800
5228
6301
2382
4399
1589
3628
1841
2638
3434
3340
310
5657
3211
1083
3627
5835
3134
371
2420
5453
60
4161
5327
2470
3291
2222
545
372
344
1429
5547
5417
916
235
2079
577
3521
2633
6603
2995
5101
3208
1137
5016
472
599
5124
2517
799
5661
632
724
5650
2592
3465
1744
402
738
5480
1203
5884
2457
2847
3530
5191
2926
6245
5183
5129
1944
3753
5591
1315
1709
1276
1560
4460
6382
2626
6367
6977
266
3110
1973
5471
708
6402
1470
6438
2127
5404
6447
1453
4253
1597
1770
842
3770
3810
1035
5697
2267
5591
1818
1800
2761
1651
5855
1503
6752
5686
9961
5726
3083
359
2355
1519
3927
1858
4776
5572
4889
2926
1382
4747
1377
615
2086
492
5692
2770
1125
4551
1577
5862
3365
3640
5178
6745
5534
2627
4254
3776
847
2471
2848
157
1448
5597
6466
1919
3822
4423
1824
3885
487
4777
510
3570
3053
2968
4476
5918
5044
1346
3177
3343
3136
2610
6061
5878
5204
4668
610
1632
5132
1770
1828
149
3607
2197
877
6571
4416
4380
1956
5405
474
5677
252
270
4006
2266
3660
604
6459
3570
102
179
1437
3443
1471
5200
3608
1691
368
5153
499
930
4195
2061
6694
2543
3228
5565
2824
1332
2474
2088
2355
3710
1775
5012
1271
326
6507
483
797
3518
901
5617
4620
4314
1863
1079
278
5726
3064
262
3585
4899
1689
3894
498
6497
6193
2270
3857
4006
159
1732
1903
1239
2333
3752
6443
3970
1176
1691
1289
1089
675
2124
4693
4636
1551
4003
2529
5588
28
5854
1833
405
1404
1115
2206
1332
3391
2377
5678
247
3935
719
2900
5005
2855
1696
1866
5209
1350
3001
4740
5844
1375
602
2887
5840
4043
944
6570
6059
4403
3738
2080
4608
5619
2773
1300
682
5339
4892
1422
2298
1937
765
5741
2369
463
2118
2424
2868
1449
6385
4570
6726
1420
6278
7145
4475
3404
4011
750
4287
1858
1481
1106
6844
5121
6037
4760
5231
1383
2382
5730
2054
4719
6118
4393
2479
5057
203
2025
1781
6248
5441
6209
2290
3513
2298
6600
2511
5710
3302
572
511
1315
5715
2652
4920
231
4170
5965
1720
2542
901
1163
2224
6009
2029
4018
3290
6107
1664
2982
778
2523
6299
3600
768
2258
2607
2079
665
4117
1917
13450
2580
5816
2723
1695
779
5490
4415
480
4814
3427
1452
4453
1125
3795
696
2045
157
5398
4146
3117
5351
2242
6672
4785
5328
7016
2517
828
3742
2981
4194
5730
1778
1354
4056
3648
4260
3355
5693
2443
5542
1877
3051
4328
1440
5019
4251
3844
6864
3659
4489
1192
7125
3339
4022
2307
392
3905
1295
5719
3312
5397
2790
917
470
4986
3151
5349
3333
2448
4312
1240
1713
5650
422
4604
4419
5785
7089
3906
2417
5247
4034
6030
1635
548
291
2469
2230
5160
2326
427
2516
5406
5574
3951
6876
3295
5755
2538
3411
2232
4924
3420
5835
2788
1240
7085
1392
202
5559
3334
3718
5762
5204
4164
5087
4927
1141
4920
1658
3663
4978
456
2762
743
1644
1018
3202
418
3769
5343
4446
5212
2711
6388
1010
4598
3689
5477
1494
702
2476
3612
881
4295
7012
1841
7068
717
1296
5147
4722
304
77
3796
1904
1199
4852
1259
936
2500
6906
5130
3137
4125
1981
5837
2261
3994
4140
3551
2265
3937
2327
684
553
1552
4633
6835
5507
6849
877
2427
1226
2849
1390
1901
1501
4225
3257
5793
4445
4018
6211
3953
355
1550
3025
1066
3269
3363
1437
2941
1125
1721
2115
3236
3324
573
1396
4128
3318
2509
29222
4171
6998
3369
2744
1514
651
4535
5247
678
505
2752
4971
2169
5199
821
3654
2628
2181
2244
4445
2461
4236
3876
2242
234
345
1568
2136
2205
4723
2356
2250
704
2131
3716
4959
2632
3445
836
1920
2907
1499
5037
2819
2227
1835
3094
6832
824
2322
6076
6276
2137
3060
3991
3931
4762
2239
451
1475
554
3091
4014
1565
6001
3351
1808
5226
4508
3425
2910
1650
1041
3920
1960
6250
260
6474
2541
1165
687
4709
6424
5632
4082
5460
3368
3193
5423
3338
3467
502
655
402
5753
2002
3801
6329
323
1640
1331
3896
1943
2360
2720
3453
5680
6698
2985
2066
1746
894
2896
5506
4169
4948
2439
1711
6393
6222
194
2196
5304
5539
2035
1918
2293
544
2689
5549
5897
2739
1367
2148
1875
6489
2716
1185
3546
3888
4310
3764
2882
4800
5242
3222
1018
716
204
1013
224
1743
960
2987
5491
810
4783
2705
6560
3401
2053
4653
2985
512
4927
2712
241
2520
3691
2409
7083
2582
2032
2822
1905
4987
762
1634
4991
3017
4512
2970
3108
1031
1849
3997
2118
463
5191
73
4624
4913
2946
2476
4768
6242
948
1159
2233
563
375
3130
5683
2144
5571
1032
1648
3777
3683
4185
4825
2225
5783
2287
3171
6592
5674
995
5410
1916
1606
1568
5470
4662
5480
5654
1372
535
2311
632
4752
4877
1765
1166
4749
396
2490
3144
6632
6287
2501
2964
4669
2905
720
7000
4278
869
4955
3691
2226
1362
4743
584
2317
249
6343
2038
2552
3334
4750
3765
3288
1335
854
789
1190
6043
6894
2354
2663
1816
4908
1861
3305
2269
715
6355
1012
759
2529
3783
5933
1996
2849
360
2071
2413
1549
7040
834
6272
2726
2214
1818
358
3810
4466
1890
5103
3848
575
5564
1048
1323
2507
2494
2275
2418
365
1445
2875
2139
1189
3730
3920
1155
1015
5612
4291
6793
5151
3663
990
1515
560
2952
5603
2076
3514
6595
5872
210
1603
2606
3069
4827
5499
2939
2935
4665
1938
257
651
4925
5571
2244
1860
1345
4691
507
6113
3286
2215
4402
2701
3732
745
1217
4955
769
7145
4752
1140
1546
5190
5171
5433
6631
1285
7909
3346
390
6990
6223
5581
2115
615
1291
4824
2398
2711
5779
6546
1874
675
4668
3120
3558
765
4262
3507
2907
68
2273
5729
5489
659
4483
5293
5181
960
4363
2473
4393
3057
2240
1732
3135
2658
2370
6457
6834
5531
1119
652
1277
1269
4098
5934
2120
5179
4913
4355
3225
1514
1240
1145
4679
5654
768
2661
2077
3729
767
2672
811
2368
6461
4320
3456
1489
4374
3383
1729
2163
6502
1263
4199
3671
5856
5812
2549
6876
4826
3829
1701
5391
1450
1462
3028
4209
4276
1826
2271
4064
5772
6998
655
3481
1591
4860
1332
2824
2498
2112
3019
2021
495
242
6854
6993
4146
1126
4621
5142
1371
2352
4323
3263
1787
4059
5919
4317
4581
4400
564
3617
5440
4560
932
4653
3473
3673
1824
832
1834
1367
4285
4434
1236
3705
6058
1688
1184
3906
4786
2005
4863
2138
4975
5062
1476
4935
5480
3299
3843
4727
5543
5389
3319
2263
3835
4181
2354
1815
4601
338
5582
2008
4487
3136
2238
2972
727
2735
3443
450
1078
4830
4221
3808
90
2069
5728
2484
4487
5655
3955
4053
80
846
1387
2809
1411
4511
748
702
4560
3551
3194
4197
3785
5070
3128
926
2183
3787
5450
4498
4089
4046
400
5161
6637
2449
2250
338
6329
406
1853
450
3492
2633
2835
4916
1058
5682
2685
3078
1963
679
6822
1046
6188
3958
6280
1403
3591
4307
2043
817
1857
5899
3450
1078
5971
1984
1767
1287
3528
510
3309
5316
2091
6074
5902
1830
259
5985
2635
1468
3054
2156
1636
6339
3389
4899
2821
1461
7001
6442
4494
3750
6859
5062
2195
3304
1662
4521
1873
5499
2382
4810
473
1518
4909
1995
3904
3330
5003
1049
6693
7028
1599
2095
3431
1905
259
5037
1896
2889
6305
5065
5060
6304
7150
6843
2673
2188
2407
394
5373
833
3557
6440
3690
1098
1407
2052
4805
345
6109
3552
2151
1271
1649
3383
1440
1234
6721
1888
7036
5041
2410
1707
4119
4193
5676
5355
2273
788
4654
7152
2442
2447
3081
3100
3268
3969
6713
1401
4546
5387
3852
2540
364
6928
1030
2072
871
3524
2094
266
6868
1943
5090
4743
1414
5737
2073
3908
2460
5589
3335
2660
2859
636
2109
3351
1482
780
1971
2007
4273
3200
227
2879
440
2070
4707
1470
6668
7049
5566
6406
3812
2893
849
1676
3470
6022
1811
3939
2419
917
3904
5112
402
1635
3702
1026
2975
2985
3286
5369
4400
4501
6412
2153
1419
1541
3595
3637
1306
3197
5221
4840
6132
4206
1466
5784
1377
3893
1411
3034
710
5366
3650
575
4664
5395
3030
6299
4768
7034
283
7098
5429
5619
3322
4539
3820
5410
4499
5160
830
5794
698
2366
2536
6949
6125
4875
5494
2465
386
5730
5760
2586
2283
358
4427
5619
905
1679
3510
2760
4417
1580
468
5033
1109
2151
955
4130
1922
2935
2277
1393
2011
3740
2878
1301
5869
1981
4564
2364
3619
3314
2651
6841
1062
4087
5490
4686
2076
3505
995
3727
3307
251
1745
2080
2193
4936
4185
4698
1847
1200
2718
4838
1971
168
5517
3993
2650
6639
6031
1104
1692
1324
974
271
454
5895
2879
466
1415
5166
2223
3492
4883
4151
2572
7039
4909
2587
2373
3885
2003
2963
3475
4545
3774
926
1694
1793
3181
4175
3516
4632
495
2105
3881
4049
5094
787
4959
2541
778
6743
940
1659
532
1820
2039
6882
5293
948
5345
3951
3261
1502
1248
6650
6374
3238
2856
2244
2292
747
765
2469
950
5823
4260
973
3335
5464
2547
3054
5357
1800
4996
4081
655
337
1799
4055
475
3436
2064
2252
2941
5291
3893
4044
2528
3352
4511
192
1922
1437
363
3188
4946
1965
253
3354
3555
2207
2182
557
1387
4795
408
2989
525
4087
1241
7018
3720
4895
4719
1199
4350
3010
3893
1786
2378
4281
1441
103
802
4487
1052
1229
615
381
4255
5516
5840
3402
1020
1699
7091
4266
2045
2985
2108
2754
3360
4659
4692
2860
2380
5585
6424
3048
1800
1522
1476
687
3773
4445
3636
1084
5107
1077
5625
3614
6147
3271
1374
2054
5414
973
6121
2888
4653
4414
878
4145
3392
2055
1191
5174
6423
636
3199
1497
479
2306
1256
3886
1767
2304
206
554
4609
5388
3652
2525
380
4097
6853
1885
5367
552
5447
6963
2285
1192
1213
1331
5585
5661
4732
4824
1726
4682
5919
5994
1231
2779
3092
2422
1298
346
4812
537
305
5089
3791
2259
724
3200
6191
5520
4056
2438
3016
2983
1618
1759
3003
1249
4833
5354
5107
1094
4468
3941
4300
5100
2006
6687
5786
2141
